-784.231,832.531,-1.93421,0
-613.198,660.774,-2.73555,0.1
-600.774,636.653,1.63819,0.2
-550.38,439.999,1.6481,0.3
-511.262,281.621,-1.86981,0.4
-385.993,208.752,-0.223224,0.5
-137.56,204.071,2.60901,0.6
-275.715,134.249,-0.869529,0.7
-80.6989,28.8707,1.5178,0.8
-119.527,-31.6214,2.98034,0.9
-265.089,24.8342,-2.44612,1
-275.784,102.675,1.01631,1.1
-207.301,111.695,2.53075,1.2
-326.916,45.8312,-0.554264,1.3
-97.031,3.48598,3.11361,1.4
-239.764,78.1711,-0.518787,1.5
-25.4467,36.2371,2.48555,1.6
-178.329,-22.1814,-1.43362,1.7
-64.5347,-93.9843,-2.0514,1.8
-54.075,-59.1819,-2.473,1.9
-111.352,39.0315,1.33095,2
-120.026,4.6844,-2.84198,2.1
-221.973,112.093,2.19753,2.2
-310.141,5.30083,0.907235,2.3
-218.177,53.4092,1.74691,2.4
-257.28,-36.828,1.32616,2.5
-236.132,-55.2086,2.0152,2.6
-302.219,-134.593,-0.422419,2.7
-71.6027,-114.08,1.06605,2.8
-51.3137,-70.828,-0.581328,2.9
121.879,-94.8921,-2.63961,3
2.36384,27.3498,3.0372,3.1
-165.037,83.3594,1.49151,-3.08319
-183.702,15.5642,-0.565771,-2.98319
16.8878,-22.8968,2.92409,-2.88319
-157.605,19.9803,-2.97158,-2.78319
-269.004,117.214,0.335092,-2.68319
-94.3492,202.621,-0.780408,-2.58319
72.5432,93.1283,1.13319,-2.48319
54.2899,82.6396,1.87346,-2.38319
-53.9942,-21.3046,2.02938,-2.28319
-158.06,-107.41,-0.286744,-2.18319
45.5333,-62.6941,-1.16927,-2.08319
145.004,-140.354,2.51199,-1.98319
-43.8211,-159.054,3.1334,-1.88319
-195.704,-48.5663,-0.50292,-1.78319
10.5576,-61.9893,0.18307,-1.68319
149.793,52.7277,-1.51653,-1.58319
188.004,-25.7062,-2.95768,-1.48319
9.15926,81.8217,0.749616,-1.38319
62.2609,140.507,-0.192347,-1.28319
220.293,156.056,1.689,-1.18319
100.367,50.3659,-0.28334,-1.08319
252.262,64.2746,-0.190514,-0.983185
372.242,95.4565,-1.22108,-0.883185
400.565,-12.7602,-0.405489,-0.783185
491.088,-12.98,1.94276,-0.683185
287.595,-100.076,0.705094,-0.583185
292.224,1.42236,0.400183,-0.483185
344.893,109.329,0.900912,-0.383185
306.831,137.739,1.87355,-0.283185
148.028,22.7709,-1.20679,-0.183185
222.804,-71.2906,1.03186,-0.0831853
189.254,-30.3249,1.46636,0.0168147
102.909,-71.8195,3.00653,0.116815
-86.0798,-2.0066,-1.8055,0.216815
-37.2378,-28.9942,-0.768848,0.316815
119.233,-90.7232,0.44715,0.416815
199.22,33.9069,-1.60812,0.516815
216.297,-29.6703,-2.82665,0.616815
49.2674,84.9032,-2.94447,0.716815
-100.202,171.322,0.968025,0.816815
-59.5615,175.391,-2.93096,0.916815
-185.566,244.661,-0.333086,1.01681
23.4153,208.762,-1.16292,1.11681
128.015,76.7388,2.79565,1.21681
-69.3289,71.5981,-0.0204372,1.31681
106.119,133.933,-1.40689,1.41681
166.193,28.5873,2.62393,1.51681
-33.4654,-3.20769,1.00917,1.61681
-12.379,28.2923,-2.7504,1.71681
-122.388,131.035,-2.86985,1.81681
-227.745,212.343,2.6531,1.91681
-349.962,149.657,1.35551,2.01681
-314.157,89.1657,-1.19555,2.11681
-145.682,-18.4297,0.495268,2.21681
-20.3326,88.9824,-1.35772,2.31681
70.8081,-11.1383,-2.63094,2.41681
-37.1034,93.7277,-2.89798,2.51681
-163.316,181.269,-2.77248,2.61681
-246.472,253.773,-2.26968,2.71681
-232.622,258.315,-0.28227,2.81681
-14.1343,230.869,-3.09042,2.91681
-166.881,272.381,-0.0465502,3.01681
29.9412,290.074,-0.506177,3.11681
190.923,208.269,-1.31248,-3.06637
245.068,81.4261,-0.735576,-2.96637
347.878,2.01054,-2.54991,-2.86637
197.67,96.99,2.65805,-2.76637
-9.84245,58.386,1.14936,-2.66637
-13.9196,51.9036,0.152996,-2.56637
133.785,141.21,0.236239,-2.46637
241.635,218.868,-0.904042,-2.36637
329.845,93.6135,-2.75972,-2.26637
149.978,183.471,0.287195,-2.16637
247.679,254.8,2.62781,-2.06637
31.5351,178.532,-1.75779,-1.96637
63.1168,107.741,1.22585,-1.86637
33.7525,77.6655,-2.95916,-1.76637
-114.423,164.4,-1.42646,-1.66637
-12.5585,54.641,0.634534,-1.56637
63.5996,134.309,0.812521,-1.46637
95.7171,172.666,-2.30454,-1.36637
35.6343,199.319,1.0012,-1.26637
44.0955,191.767,2.94974,-1.16637
-135.194,197.169,-1.49108,-1.06637
-36.9064,87.1035,0.529895,-0.966371
61.1283,170.825,0.189849,-0.866371
189.419,239.513,-2.99485,-0.766371
5.89468,290.696,-3.0522,-0.666371
-147.135,325.286,1.08424,-0.566371
-114.396,277.326,2.59648,-0.466371
-256.522,190.429,0.698535,-0.366371
-142.003,234.732,-1.58639,-0.266371
-53.9873,128.193,1.72827,-0.166371
-123.726,24.5367,2.89811,-0.0663706
-270.57,52.3207,-2.91328,0.0336294
-352.099,147.311,-0.412009,0.133629
-111.214,113.673,-0.93301,0.233629
44.6991,7.3067,-0.0699295,0.333629
200.721,73.8121,-2.58669,0.433629
73.9661,158.032,1.46468,0.533629
10.8912,79.1076,-3.1192,0.633629
-149.431,146.775,-2.5754,0.733629
-204.324,215.349,0.833954,0.833629
-122.028,233.98,1.93946,0.933629
-202.528,97.5666,1.40444,1.03363
-202.589,39.7445,-1.90923,1.13363
-144.433,22.1186,2.14718,1.23363
-242.962,-69.5121,-2.35061,1.33363
-242.649,13.0629,-2.92243,1.43363
-330.946,115.351,2.3557,1.53363
-412.3,22.6441,2.56491,1.63363
-493.048,-19.2602,-2.35386,1.73363
-443.239,53.7788,0.230145,1.83363
-219.186,148.583,-0.733349,1.93363
-23.3423,56.0433,0.05422,2.03363
136.615,132.945,0.520101,2.13363
201.523,208.278,-1.313,2.23363
253.488,81.4631,-2.41257,2.33363
144.526,143.255,-2.90418,2.43363
-18.8319,220.567,-2.11287,2.53363
-26.542,203.736,-0.0181148,2.63363
140.174,240.031,-3.07447,2.73363
-41.922,281.891,1.29641,2.83363
-59.8743,204.757,1.26202,2.93363
-69.5903,148.948,1.94438,3.03363
-161.13,29.4313,-2.77645,3.13363
-245.318,132.342,0.966357,-3.04956
-175.401,144.508,-0.798442,-2.94956
6.11308,44.4809,1.95855,-2.84956
-102.153,-54.4134,0.652297,-2.74956
-10.9738,44.9084,1.73991,-2.64956
-90.6911,-43.062,2.71154,-2.54956
-242.495,-42.4826,1.20775,-2.44956
-208.235,-39.3036,3.10876,-2.34956
-329.077,43.1112,2.27385,-2.24956
-403.305,-43.8753,-0.223505,-2.14956
-151.403,1.90941,-0.43547,-2.04956
48.6485,-7.65658,-0.514417,-1.94956
205.497,-31.5588,2.61553,-1.84956
-1.60421,-52.9805,3.02049,-1.74956
-169.049,15.8372,-0.410424,-1.64956
35.269,8.83537,3.13336,-1.54956
-132.435,85.7389,-0.136332,-1.44956
62.5145,123.785,-2.49551,-1.34956
-21.7512,188.233,-0.948703,-1.24956
114.693,65.9136,-1.19511,-1.14956
197.447,-37.0404,-3.08178,-1.04956
3.19563,59.2482,1.0739,-0.949556
7.37598,66.3932,0.953028,-0.849556
28.7859,94.1482,-1.16402,-0.749556
132.19,-14.941,-1.77019,-0.649556
142.022,-45.0678,0.246776,-0.549556
246.83,70.3899,-0.51762,-0.449556
363.886,30.2432,1.18221,-0.349556
280.432,23.4503,2.81424,-0.249556
52.434,33.0549,3.07096,-0.149556
-123.057,94.2816,0.211781,-0.0495559
39.3251,179.85,-0.435946,0.0504441
201.216,134.595,-2.31951,0.150444
117.657,171.335,1.84978,0.250444
-0.586811,50.7679,2.90249,0.350444
-171.991,74.2552,-1.96621,0.450444
-127.873,59.8884,-2.05049,0.550444
-104.613,63.7485,-2.84993,0.650444
-210.762,159.147,-1.16976,0.750444
-60.0864,37.1245,2.70822,0.850444
-217.907,20.961,1.87756,0.950444
-272.221,-70.8239,1.46849,1.05044
-266.542,-104.526,-2.12104,1.15044
-225.927,-54.8421,-2.88689,1.25044
-312.893,62.9438,2.9663,1.35044
-420.273,97.5813,-2.59348,1.45044
-423.928,177.657,-1.30714,1.55044
-246.196,56.6376,-0.169421,1.65044
-27.1971,93.755,0.838939,1.75044
18.8832,135.876,1.36234,1.85044
-19.9767,77.0393,-0.169,1.95044
153.764,110.163,-0.275479,2.05044
294.938,113.838,-0.42922,2.15044
405.918,83.2137,0.543164,2.25044
413.245,166.597,-2.59119,2.35044
243.258,232.666,1.71006,2.45044
116.229,109.706,1.77269,2.55044
7.21722,6.23796,-1.89621,2.65044
25.197,-6.972,-0.72028,2.75044
173.226,-66.5637,-1.83068,2.85044
166.859,-76.4527,-3.06182,2.95044
-19.3335,30.3565,-0.3799,3.05044
155.747,27.0598,2.14546,-3.13274
-2.63969,-65.6401,-1.62336,-3.03274
52.9104,-107.288,-2.68134,-2.93274
-59.4451,20.0027,-1.33382,-2.83274
42.301,-67.9084,-1.50925,-2.73274
102.893,-123.015,-0.979746,-2.63274
211.244,-184.887,2.04296,-2.53274
52.6528,-238.155,-1.5944,-2.43274
100.747,-249.098,0.0391923,-2.33274
237.265,-113.299,-2.45994,-2.23274
123.849,-5.97124,-1.9992,-2.13274
104.135,1.68413,1.00637,-2.03274
98.1221,32.718,1.58418,-1.93274
15.3152,-36.9914,1.10943,-1.83274
11.9167,-17.1133,1.67667,-1.73274
-64.8592,-86.9776,0.37251,-1.63274
63.4225,39.1359,-1.71435,-1.53274
94.2419,-10.4822,0.0717022,-1.43274
229.01,82.0865,2.48681,-1.33274
25.146,14.7024,-2.67537,-1.23274
-80.7134,117.273,0.705869,-1.13274
-2.54848,175.194,2.71895,-1.03274
-172.205,133.701,-1.30883,-0.932741
-45.0123,21.566,1.56952,-0.832741
-97.3916,-44.1288,1.01017,-0.732741
-63.6691,-4.62663,-0.105596,-0.632741
116.055,57.5465,0.0900878,-0.532741
244.624,138.852,-2.93813,-0.432741
56.8762,214.938,-0.683408,-0.332741
201.451,116.441,-1.83721,-0.232741
188.566,71.0489,-1.31727,-0.132741
242.628,-28.0745,2.16346,-0.0327412
65.0067,-108.849,-1.84737,0.0672588
78.0482,-107.463,2.48312,0.167259
-95.3577,-137.537,-0.35209,0.267259
95.3801,-101.173,0.674354,0.367259
143.456,4.69031,2.29235,0.467259
-27.0262,-72.8437,3.02277,0.567259
-189.276,0.395669,-0.692219,0.667259
3.85589,-56.5404,1.78429,0.767259
-84.0375,-127.585,-0.305428,0.867259
104.771,-82.9445,-1.8929,0.967259
103.692,-78.8952,1.0809,1.06726
86.752,-45.4058,-2.75519,1.16726
-43.8109,72.1737,2.56037,1.26726
-197.985,19.5288,3.01301,1.36726
-326.504,72.3636,-2.89235,1.46726
-394.086,164.454,2.35776,1.56726
-462.992,62.1763,-2.88382,1.66726
-502.131,156.695,-0.10281,1.76726
-234.86,187.141,-2.04849,1.86726
-189.913,165.184,0.879611,1.96726
-117.691,186.121,-0.0988035,2.06726
72.4777,211.451,-2.21187,2.16726
31.5221,214.358,0.0419803,2.26726
181.634,257.868,-2.97056,2.36726
2.5086,307.612,1.57086,2.46726
-59.54,184.543,-0.528774,2.56726
118.232,119.37,-2.99361,2.66726
-50.913,194.702,1.55075,2.76726
-99.7947,96.7343,2.57922,2.86726
-243.88,42.6768,2.9463,2.96726
-365.671,77.1703,1.76181,3.06726
-377.027,-18.9804,-2.30881,-3.11593
-343.238,46.7112,0.648554,-3.01593
-203.231,126.271,0.0980711,-2.91593
-11.627,194.803,-2.24556,-2.81593
-40.9777,206.97,2.78962,-2.71593
-204.45,174.458,-3.03112,-2.61593
-313.213,234.806,-2.88904,-2.51593
-383.01,294.564,-2.69913,-2.41593
-410.975,342.351,-1.0461,-2.31593
-206.792,184.696,2.1588,-2.21593
-294.05,61.1234,-1.85172,-2.11593
-209.782,29.254,2.90227,-2.01593
-339.35,56.9977,-1.73176,-1.91593
-230.217,6.45846,0.774065,-1.81593
-133.18,76.4903,-1.92154,-1.71593
-90.6023,53.6898,2.66642,-1.61593
-240.807,25.4629,-1.89461,-1.51593
-173.004,8.12926,1.93222,-1.41593
-242.494,-82.9397,2.20246,-1.31593
-327.053,-150.4,-0.885079,-1.21593
-123.261,-200.231,1.57258,-1.11593
-160.367,-221.943,-1.69125,-1.01593
-81.8345,-222.785,1.61244,-0.915927
-132.103,-244.699,1.09212,-0.815927
-103.516,-180.108,1.26996,-0.715927
-105.581,-160.317,1.06068,-0.615927
-77.7096,-106.833,0.927456,-0.515927
-35.3589,-39.8667,-0.758447,-0.415927
121.625,-98.0862,-1.07588,-0.315927
216.102,-168.372,0.167167,-0.215927
316.141,-33.7164,0.328174,-0.115927
374.774,81.8269,1.67816,-0.0159265
225.248,-7.97131,0.524089,0.0840735
271.788,95.2321,0.372104,0.184073
332.801,184.909,0.522291,0.284073
358.119,249.678,0.835046,0.384073
327.753,261.262,2.29085,0.484073
120.552,132.266,1.43154,0.584073
52.386,63.3739,1.512,0.684073
-12.3347,-3.238,-1.41135,0.784073
70.9022,-80.7754,1.25785,0.884073
35.5973,-78.7559,0.457823,0.984073
130.634,42.955,2.31731,1.08407
-39.5941,-39.657,-1.70309,1.18407
13.2723,-75.2054,1.2227,1.28407
-5.68852,-68.1346,2.47183,1.38407
-161.522,-107.882,0.271115,1.48407
0.703718,21.1863,-0.362086,1.58407
172.088,23.6144,1.47277,1.68407
88.3636,-29.5877,2.65834,1.78407
-97.2993,-42.8181,2.36112,1.88407
-225.856,-103.231,2.20584,1.98407
-314.08,-166.406,1.35231,2.08407
-285.03,-163.164,0.977048,2.18407
-208.793,-93.8298,-0.779489,2.28407
-18.9315,-143.92,-1.1362,2.38407
97.0908,-205.564,-2.77743,2.48407
-38.8881,-55.6452,1.22357,2.58407
-47.537,-52.6406,1.19954,2.68407
-51.1269,-45.9643,-2.7526,2.78407
-153.72,71.6758,2.20707,2.88407
-256.495,-26.3958,-1.54411,2.98407
-140.385,-85.8606,0.309024,3.08407
12.3087,39.8513,-1.69278,-3.09911
56.1106,-13.1246,0.75355,-2.99911
99.1869,63.9594,1.32599,-2.89911
49.0639,25.4497,2.30697,-2.79911
-103.9,-54.7544,-1.12358,-2.69911
30.5025,-134.223,-0.442302,-2.59911
193.948,-118.008,2.97573,-2.49911
-14.4762,-45.2255,-2.15083,-2.39911
-28.7402,-1.96715,-0.915227,-2.29911
112.445,-83.9203,1.12006,-2.19911
88.0911,-56.6018,-2.09137,-2.09911
62.1786,-21.9405,1.79682,-1.99911
-38.8403,-100.756,-2.68355,-1.89911
-133.194,25.3439,-0.804432,-1.79911
39.3435,-51.542,1.88587,-1.69911
-67.3674,-129.167,-2.8455,-1.59911
-180.344,4.92838,-2.65893,-1.49911
-242.497,108.487,0.941955,-1.39911
-169.418,129.807,-0.0854567,-1.29911
30.3528,168.931,0.427343,-1.19911
131.208,242.471,-3.0602,-1.09911
-47.6923,285.703,-2.26415,-0.999112
-72.7315,282.909,1.09354,-0.899112
-56.2238,241.718,1.28754,-0.799112
-70.1233,174.128,-1.64203,-0.699112
-3.41392,87.0629,-2.55697,-0.599112
-84.5138,165.761,1.39684,-0.499112
-107.194,95.4795,-2.43191,-0.399112
-147.158,157.227,0.78468,-0.299112
-68.4376,195.448,-1.05776,-0.199112
65.9959,66.8557,-1.00791,-0.0991118
178.808,-34.3293,-2.26247,0.000888157
108.731,26.5946,1.48229,0.100888
36.4745,-28.5557,-1.97893,0.200888
37.1088,-20.063,-1.51933,0.300888
97.5173,-83.6278,-3.07937,0.400888
-76.5187,22.3057,-0.878393,0.500888
77.8103,-61.4822,-3.1246,0.600888
-96.3547,33.4789,-0.0263176,0.700888
84.9339,102.448,2.94353,0.800888
-102.695,124.401,1.98576,0.900888
-192.225,9.18548,2.92241,1.00089
-324.931,45.2873,-0.798855,1.10089
-113.548,-34.9436,-1.36943,1.20089
-5.13408,-109.443,1.51422,1.30089
-58.6286,-141.792,0.131987,1.40089
100.404,-15.8389,1.30078,1.50089
53.4006,-34.1663,-2.51286,1.60089
-31.8732,63.9467,2.68043,1.70089
-194.372,36.5718,1.01475,1.80089
-141.939,59.0965,-0.968849,1.90089
16.496,-38.6038,1.41749,2.00089
-29.0531,-71.1946,1.28359,2.10089
-47.8548,-75.5288,0.288074,2.20089
89.29,47.6255,-2.49983,2.30089
-1.03533,127.831,3.0818,2.40089
-165.15,172.075,-0.215841,2.50089
38.9587,176.314,1.303,2.60089
3.94646,119.181,0.715056,2.70089
63.6872,175.43,-1.32244,2.80089
142.127,55.7354,0.16361,2.90089
257.381,145.254,-2.65233,3.00089
108.734,220.327,-1.2484,3.10089
186.663,88.0454,-2.32836,-3.0823
104.607,135.539,-1.4385,-2.9823
161.233,32.6363,-2.61068,-2.8823
38.498,127.168,2.50515,-2.7823
-128.557,53.8068,-2.00678,-2.6823
-98.8694,50.887,2.04542,-2.5823
-195.705,-49.5077,0.499091,-2.4823
-60.9627,63.8587,1.74623,-2.3823
-131.427,-28.4136,2.379,-2.2823
-254.701,-89.4603,-3.0152,-2.1823
-351.687,25.4343,0.804219,-2.0823
-235.188,86.9074,2.97873,-1.9823
-357.677,119.326,-0.776784,-1.8823
-137.804,26.9389,-2.56214,-1.7823
-192.867,118.184,1.02612,-1.6823
-142.429,122.307,1.18999,-1.5823
-125.71,95.7029,-2.53255,-1.4823
-178.372,170.079,2.83753,-1.3823
-314.7,155.486,-3.05305,-1.2823
-403.698,217.012,-1.56439,-1.1823
-260.632,111.288,0.624656,-1.0823
-133.248,180.783,-1.41234,-0.982297
-25.9455,66.5252,-2.85788,-0.882297
-148.938,161.139,1.56055,-0.782297
-179.426,68.6455,-1.54232,-0.682297
-78.5103,-10.0379,1.42026,-0.582297
-105.415,-48.764,1.54924,-0.482297
-143.21,-97.8465,-2.0648,-0.382297
-118.965,-59.8129,-2.8504,-0.282297
-222.31,60.2851,2.93789,-0.182297
-348.638,89.4737,-2.54467,-0.0822972
-358.69,166.409,1.0953,0.0177028
-285.246,148.196,-2.71407,0.117703
-335.094,225.877,0.816188,0.217703
-223.822,245.324,-0.267379,0.317703
-7.19117,223.74,-3.07715,0.417703
-160.073,268.5,-2.11764,0.517703
-140.246,242.957,1.27065,0.617703
-135.059,178.016,-2.84628,0.717703
-234.606,250.655,0.809019,0.817703
-142.289,266.31,-0.0989995,0.917703
52.8097,275.565,-0.958914,1.0177
173.307,135.149,1.79465,1.1177
50.3146,25.0592,-0.39188,1.2177
211.214,20.218,-0.87516,1.3177
308.306,-62.8644,-1.64599,1.4177
298.832,-101.983,2.18098,1.5177
108.178,-166.99,-3.06272,1.6177
-66.3676,-42.1891,-3.08232,1.7177
-207.908,55.0548,0.398154,1.8177
-54.9029,152.285,1.62655,1.9177
-112.273,53.7754,0.708289,2.0177
-28.189,124.058,-2.571,2.1177
-106.616,196.753,-1.1376,2.2177
26.7894,66.9768,-0.797802,2.3177
167.922,-17.4694,-1.3765,2.4177
219.212,-94.9395,0.027738,2.5177
333.052,8.3416,0.98421,2.6177
284.589,42.0763,-1.53452,2.7177
293.653,-32.1966,-0.970335,2.8177
364.818,-111.722,-1.16668,2.9177
400.719,-179.607,1.6908,3.0177
244.494,-218.336,0.399501,3.1177
306.812,-66.4606,2.05787,-3.06548
127.492,-143.21,-2.84548,-2.96548
-24.4526,-6.30507,2.18863,-2.86548
-151.225,-89.9843,-3.04988,-2.76548
-272.594,21.0276,-2.77069,-2.66548
-333.626,125.559,2.59374,-2.56548
-431.757,68.4916,-0.0953743,-2.46548
-178.961,118.002,-2.88638,-2.36548
-275.251,201.243,-1.83789,-2.26548
-192.886,139.005,-1.28637,-2.16548
-58.9719,24.6322,-2.27352,-2.06548
-83.2253,75.6601,2.40043,-1.96548
-217.943,-3.36627,-0.412963,-1.86548
-3.9144,-7.07299,-0.845092,-1.76548
139.047,-81.8414,-0.347952,-1.66548
282.955,-55.7081,-1.51608,-1.56548
294.589,-112.505,-0.211791,-1.46548
406.658,-50.4828,3.01924,-1.36548
157.502,17.5891,0.305768,-1.26548
251.082,122.549,2.22674,-1.16548
65.391,15.7211,-1.98991,-1.06548
58.6881,17.3495,-0.588454,-0.965482
209.446,-25.6497,0.801478,-0.865482
214.156,46.4803,2.96536,-0.765482
1.33493,84.214,2.54042,-0.665482
-160.631,25.5562,-1.18934,-0.565482
-22.1653,-69.4407,-1.43825,-0.465482
59.8455,-131.371,2.95524,-0.365482
-122.432,-60.1835,-0.429799,-0.265482
72.0044,-56.1263,0.213987,-0.165482
195.094,59.6687,-0.84484,-0.0654825
298.277,-28.4228,-2.83849,0.0345175
113.163,85.6847,-0.206876,0.134518
261.4,109.118,-1.34717,0.234518
297.424,4.24979,1.81594,0.334518
147.134,-81.0162,-2.85942,0.434518
-10.6882,43.0581,-0.617806,0.534518
152.067,-10.2946,0.738002,0.634518
178.465,68.5381,0.665309,0.734518
211.398,141.629,-1.27138,0.834518
266.174,26.0295,2.5262,0.934518
52.1621,-23.4978,-0.712136,1.03452
195.449,-78.6119,-0.777882,1.13452
304.602,-131.547,0.922905,1.23452
271.192,-58.8316,-2.90898,1.33452
81.8715,58.6345,-2.76952,1.43452
-49.8783,155.631,1.43127,1.53452
-83.923,82.1078,-1.21167,1.63452
36.6948,-23.6981,-2.62714,1.73452
-63.7828,83.3957,1.53797,1.83452
-108.506,9.33413,1.94511,1.93452
-192.344,-82.2752,2.7167,2.03452
-323.974,-72.7544,-0.0926642,2.13452
-92.8849,5.5208,2.76263,2.23452
-245.54,7.39589,-2.82307,2.33452
-319.687,114.608,-1.37585,2.43452
-170.799,10.6738,-2.98014,2.53452
-280.573,109.01,-0.875978,2.63452
-85.2018,8.09567,1.83255,2.73452
-160.889,-78.9065,2.68902,2.83452
-297.9,-75.9159,0.767059,2.93452
-186.199,11.6716,1.03673,3.03452
-138.671,35.1532,-2.65054,3.13452
-207.823,132.13,2.79518,-3.04867
-337.994,115.807,-1.5029,-2.94867
-200.574,23.2686,2.54727,-2.84867
-322.59,-21.9754,2.24962,-2.74867
-395.786,-98.0769,-2.6508,-2.64867
-413.556,25.563,-1.79007,-2.54867
-297.183,-9.46176,-1.46677,-2.44867
-163.575,-80.6745,-1.31773,-2.34867
-39.1373,-149.427,-1.49919,-2.24867
38.9599,-189.316,-0.500322,-2.14867
198.408,-174.066,-2.27006,-2.04867
123.222,-83.8908,2.90376,-1.94867
-72.9234,-33.1959,-2.27462,-1.84867
-94.5589,29.5852,2.09882,-1.74867
-197.989,-65.4179,-0.198777,-1.64867
12.2706,-10.0435,-1.961,-1.54867
20.267,-8.48837,-0.762631,-1.44867
165.77,-73.5249,-2.84509,-1.34867
6.22389,49.4522,0.568225,-1.24867
89.4275,137.296,1.54341,-1.14867
13.3863,51.7494,-2.94132,-1.04867
-128.513,145.029,-1.24095,-0.948668
-2.28762,27.5354,-0.908707,-0.848668
134.249,-59.8188,2.5745,-0.748668
-56.3729,-83.4512,-0.906395,-0.648668
91.2082,-148.427,3.14113,-0.548668
-87.0708,-38.8166,-1.00725,-0.448668
56.4238,-118.839,-1.37013,-0.348668
130.761,-176.508,-2.14944,-0.248668
87.6595,-107.246,-0.121883,-0.148668
237.93,-27.7292,0.0240543,-0.0486678
348.345,61.5567,-0.22596,0.0513322
449.965,85.7266,-0.830398,0.151332
503.512,-6.09051,0.267428,0.251332
533.236,102.48,-1.75968,0.351332
464.231,47.1976,2.98463,0.451332
202.079,88.7694,-2.51304,0.551332
87.0399,162.316,-1.69292,0.651332
115.878,84.8681,-1.63647,0.751332
146.084,14.8928,2.30282,0.851332
-25.8996,-63.6277,0.87568,0.951332
14.1348,3.74841,0.740987,1.05133
67.6359,79.3324,-2.3554,1.15133
5.06262,132.894,1.89259,1.25133
-95.5575,18.1216,-2.11388,1.35133
-88.0725,41.9646,2.11769,1.45133
-194.793,-54.8789,3.05657,1.55133
-321.696,21.2633,-1.77006,1.65133
-221.07,-16.1256,-0.131241,1.75133
-8.6191,43.3113,3.07518,1.85133
-171.638,103.258,-0.514514,1.95133
29.2625,57.1537,-2.10115,2.05133
13.6709,70.8584,0.954877,2.15133
33.5394,97.3881,-3.08488,2.25133
-128.224,166.365,-1.20557,2.35133
1.93933,43.5555,-1.99927,2.45133
6.59777,41.318,-2.63767,2.55133
-89.5502,136.18,-0.39916,2.65133
99.1532,107.539,-0.00112973,2.75133
239.413,165.85,2.44253,2.85133
36.783,74.7925,-3.07438,2.95133
-124.627,149.712,-2.97304,3.05133
-242.797,220.871,-1.5181,-3.13185
-126.258,108.983,-0.661043,-3.03185
56.6036,35.2056,2.72104,-2.93185
-124.944,22.1577,2.12596,-2.83185
-225.159,-70.4065,2.33643,-2.73185
-325.96,-128.226,1.20827,-2.63185
-275.078,-107.99,-0.756289,-2.53185
-69.9676,-152.303,-0.357646,-2.43185
115.617,-114.205,-2.93188,-2.33185
-45.5401,12.9228,3.07503,-2.23185
-201.184,78.9201,2.64595,-2.13185
-328.399,41.4669,-2.3928,-2.03185
-317.786,108.347,-0.623569,-1.93185
-93.9959,40.9405,-1.23414,-1.83185
26.0981,-55.9676,1.49168,-1.73185
-30.8154,-95.9213,-0.328414,-1.63185
147.252,-62.6754,3.05072,-1.53185
-48.3931,13.924,3.01433,-1.43185
-206.769,68.1427,0.567827,-1.33185
-80.9024,152.287,-2.11658,-1.23185
-76.7507,149.792,-2.02531,-1.13185
-60.078,131.059,-1.27571,-1.03185
48.4969,17.7693,-1.72063,-0.931853
81.4941,-26.6243,0.459573,-0.831853
167.075,84.5693,-2.78222,-0.731853
16.3859,176.496,-0.723108,-0.631853
165.949,79.8089,-1.44046,-0.531853
210.073,-11.7677,-0.45014,-0.431853
337.334,-21.6943,0.354138,-0.331853
387.92,91.5116,1.08188,-0.231853
313.991,90.7391,1.3557,-0.131853
216.98,42.0005,2.64171,-0.0318531
6.32385,11.0763,-1.56366,0.0681469
67.475,-53.5501,-1.78213,0.168147
88.6856,-74.0379,-2.25054,0.268147
38.4972,-7.23673,0.431002,0.368147
137.154,101.395,-0.467444,0.468147
278.356,65.225,-1.60713,0.568147
279.729,-4.74576,1.70336,0.668147
146.204,-79.6159,2.32543,0.768147
-27.8776,-136.829,2.1592,0.868147
-150.96,-196.075,-2.93283,0.968147
-258.922,-52.6381,1.84854,1.06815
-301.707,-128.348,-0.350987,1.16815
-69.6851,-93.5794,-2.35304,1.26815
-104.416,-5.80659,2.55414,1.36815
-246.09,-43.9934,-2.30404,1.46815
-237.732,25.9085,-0.029761,1.56815
-27.9175,95.8062,-1.74744,1.66815
16.8991,39.9364,1.273,1.76815
-9.66142,15.1942,2.13272,1.86815
-133.64,-75.6995,1.29797,1.96815
-133.459,-81.5804,-1.5948,2.06815
-48.1927,-123.786,-2.5018,2.16815
-111.343,-9.06123,-2.20685,2.26815
-114.762,37.0557,1.92925,2.36815
-195.566,-59.7221,-1.12077,2.46815
-42.5231,-138.188,-2.67992,2.56815
-135.566,-4.79292,1.70002,2.66815
-185.635,-79.3467,-0.216842,2.76815
22.5931,-25.0371,2.58854,2.86815
-146.495,-52.9779,2.22271,2.96815
-252.272,-125.002,-1.44856,3.06815
-125.468,-174.863,-0.739849,-3.11504
51.0963,-203.606,-0.784684,-3.01504
188.526,-232.375,2.26241,-2.91504
11.8714,-265.297,2.99276,-2.81504
-159.491,-159.567,-0.657992,-2.71504
30.2387,-179.142,-1.59686,-2.61504
82.5097,-201.571,-1.48643,-2.51504
137.817,-232.372,0.24378,-2.41504
243.864,-79.6029,-2.87287,-2.31504
64.843,43.7198,-0.718645,-2.21504
205.074,-25.7766,-2.17256,-2.11504
143.613,17.5293,1.23613,-2.01504
96.7356,3.68463,0.175511,-1.91504
219.65,104.646,0.156871,-1.81504
320.19,183.767,-2.27871,-1.71504
219.289,203.853,0.27705,-1.61504
304.536,270.786,1.3056,-1.51504
216.061,194.32,-1.45664,-1.41504
248.232,81.3637,1.44948,-1.31504
152.237,19.9874,-0.721768,-1.21504
274.738,-45.2081,-1.54894,-1.11504
284.011,-100.342,-0.0911466,-1.01504
393.419,-16.2617,-1.95415,-0.915038
326.145,-14.6948,3.02896,-0.815038
93.5658,48.1259,-0.97397,-0.715038
204.376,-47.6644,2.1679,-0.615038
33.9493,-124.282,-1.43679,-0.515038
104.911,-175.377,-2.8033,-0.415038
-36.458,-31.4366,-2.03358,-0.315038
-29.0344,-12.411,0.691041,-0.215038
41.2063,73.4812,1.20156,-0.115038
19.5868,54.5724,-0.243886,-0.0150384
187.264,76.2619,-1.48568,0.0849616
221.711,-10.1842,-0.795269,0.184962
324.084,-78.9014,0.958463,0.284962
281.323,-23.0645,-0.952781,0.384962
356.74,-103.381,-2.55767,0.484962
203.495,13.4778,0.843629,0.584962
202.695,70.8712,-0.427887,0.684962
332.165,49.1245,0.849414,0.784962
304.717,98.4176,-0.0601382,0.884962
408.118,148.481,-0.623965,0.984962
486.7,72.9801,-0.915407,1.08496
524.78,-23.9761,-2.4342,1.18496
358.049,61.9819,2.53936,1.28496
124.809,7.5805,-2.22128,1.38496
71.9358,52.9293,-1.6765,1.48496
105.883,-5.03456,1.80924,1.58496
-5.32179,-88.0309,2.77688,1.68496
-175.741,-64.3349,1.58776,1.78496
-204.215,-115.063,1.31854,1.88496
-192.667,-116.529,0.113707,1.98496
-4.82738,2.38343,-2.71124,2.08496
-110.319,109.117,-1.84324,2.18496
-61.6576,66.2086,2.6681,2.28496
-217.719,35.8239,1.66264,2.38496
-246.884,-43.2246,1.45517,2.48496
-244.581,-80.5177,2.3437,2.58496
-342.147,-135.476,2.29562,2.68496
-415.814,-184.651,0.950557,2.78496
-309.389,-106.244,-1.72781,2.88496
-205.739,-124.74,1.93204,2.98496
-268.662,-189.231,0.0597018,3.08496
-60.1568,-62.5199,2.66644,-3.09822
-216.451,-67.5006,2.72055,-2.99822
-343.373,-60.1131,0.751876,-2.89822
-220.13,26.6203,1.17007,-2.79822
-185.077,22.7397,1.21278,-2.69822
-162.997,11.9802,2.14334,-2.59822
-257.415,-77.8019,-2.88598,-2.49822
-337.961,44.6168,-0.735782,-2.39822
-118.562,-27.4653,-2.74732,-2.29822
-206.866,86.3614,1.60593,-2.19822
-231.335,3.36308,2.42131,-2.09822
-338.136,-58.2965,1.82474,-1.99822
-362.333,-131.575,-0.318132,-1.89822
-117.902,-88.9342,-2.51663,-1.79822
-169.53,20.5702,-2.70512,-1.69822
-241.127,123.417,-2.02037,-1.59822
-190.871,109.057,-1.00918,-1.49822
-26.818,-0.622566,0.649196,-1.39822
49.7999,88.3247,-0.680164,-1.29822
196.035,15.6529,2.33037,-1.19822
11.5399,-60.0641,-3.14082,-1.09822
-150.707,32.0715,1.91374,-0.998224
-222.571,-63.2646,1.56209,-0.898224
-238.522,-111.07,-0.40832,-0.798224
-20.2544,-92.2377,-0.732041,-0.698224
135.91,-136.432,-2.00732,-0.598224
112.627,-101.205,2.20435,-0.498224
-43.1452,-164.885,1.26484,-0.398224
-56.5908,-147.256,-3.011,-0.298224
-192.735,-20.3568,-1.60664,-0.198224
-97.0827,-73.2752,2.40776,-0.0982237
-229.633,-121.509,1.65827,0.00177631
-255.89,-168.644,-2.82537,0.101776
-328.298,-26.2564,0.852307,0.201776
-224.11,37.6257,1.54796,0.301776
-238.006,-28.5708,3.00119,0.401776
-359.043,31.5191,-0.507199,0.501776
-120.313,1.221,2.48684,0.601776
-254.315,-49.9839,-2.5302,0.701776
-280.874,53.2696,-1.98929,0.801776
-218.237,47.2767,-0.924511,0.901776
-40.0721,-45.2104,0.782431,1.00178
17.5924,33.8514,2.90602,1.10178
-157.39,61.4861,1.26934,1.20178
-148.598,33.0638,2.31797,1.30178
-263.04,-47.498,3.10368,1.40178
-373.282,35.6792,0.762466,1.50178
-245.765,101.651,-2.05957,1.60178
-200.247,98.8246,-1.53395,1.70178
-94.1461,13.1367,-2.5335,1.80178
-153.276,104.13,-0.368139,1.90178
48.8071,88.6453,-0.423825,2.00178
209.177,64.21,-1.76213,2.10178
204.664,16.9703,1.79102,2.20178
75.8239,-69.239,-2.18958,2.30178
37.6183,-14.1747,-0.896411,2.40178
167.377,-92.2039,1.46557,2.50178
85.5069,-121.21,2.17841,2.60178
-62.2198,-182.523,2.45681,2.70178
-205.621,-201.74,2.8219,2.80178
-336.453,-145.409,-2.67907,2.90178
-370.577,-10.615,0.410812,3.00178
-186.98,99.401,-2.02053,3.10178
-147.575,89.8722,-1.72793,-3.08141
-76.3026,32.1699,-0.691463,-2.98141
94.293,-31.0063,2.91427,-2.88141
-95.8811,11.3826,2.28987,-2.78141
-218.263,-67.7336,-0.792118,-2.68141
-27.6162,-124.569,3.09441,-2.58141
-185.582,-27.5977,-1.05115,-2.48141
-27.0151,-111.407,1.85367,-2.38141
-116.771,-175.621,1.05552,-2.28141
-85.9022,-118.127,-1.82298,-2.18141
-39.4162,-118.993,0.229648,-2.08141
103.937,10.3366,-2.00637,-1.98141
87.1835,16.037,-0.667497,-1.88141
226.885,-40.1851,1.08942,-1.78141
184.066,-16.002,-1.66993,-1.68141
196.42,-61.1235,2.6602,-1.58141
-10.9321,-67.666,-2.63329,-1.48141
-102.872,48.6779,2.81896,-1.38141
-254.239,54.277,-1.03075,-1.28141
-79.7773,-45.2739,2.13042,-1.18141
-189.492,-124.17,2.93011,-1.08141
-322.574,-59.7484,2.62106,-0.981409
-424.337,-74.4437,-1.4816,-0.881409
-267.079,-131.169,2.20392,-0.781409
-346.867,-188.885,1.91583,-0.681409
-379.736,-240.094,1.83823,-0.581409
-397.171,-277.771,1.82554,-0.481409
-409.654,-307.201,0.272539,-0.381409
-197.997,-138.217,2.93484,-0.281409
-329.264,-69.9782,1.30391,-0.181409
-290.753,-78.0059,1.2513,-0.081409
-252.833,-75.3991,-3.06688,0.018591
-355.588,30.5469,-1.19986,0.118591
-179.31,-65.2319,1.08923,0.218591
-140.862,-36.005,-1.24906,0.318591
-13.0886,-116.996,1.01839,0.418591
2.54459,-64.4227,-1.72347,0.518591
44.368,-91.9472,2.72769,0.618591
-134.92,-78.1389,1.74711,0.718591
-190.697,-142.082,2.68056,0.818591
-321.436,-128.224,0.524207,0.918591
-165.578,-0.979394,0.276445,1.01859
-3.27467,106.899,-0.0622696,1.11859
161.861,154.881,0.401831,1.21859
240.35,232.053,1.99867,1.31859
80.7846,95.2316,-0.195964,1.41859
235.213,119.072,0.24652,1.51859
321.417,201.689,-1.70174,1.61859
302.253,117.671,2.11636,1.71859
117.607,5.63747,2.68264,1.81859
-74.8705,-9.61488,-1.89756,1.91859
-40.6585,-19.4172,2.06126,2.01859
-150.85,-105.518,-0.89457,2.11859
16.7814,-165.127,1.93936,2.21859
-91.4691,-221.717,-2.43922,2.31859
-135.766,-95.5134,-2.4358,2.41859
-170.646,4.97457,0.585221,2.51859
-54.8319,100.029,0.0737272,2.61859
109.553,170.761,-2.18619,2.71859
65.1197,177.216,-1.02822,2.81859
175.977,53.1658,1.05259,2.91859
148.726,65.4386,1.04827,3.01859
127.563,76.0496,-1.70108,3.11859
147.254,17.0618,0.473883,-3.06459
217.42,118.725,1.85956,-2.96459
78.1007,8.19777,2.56484,-2.86459
-100.724,-30.8311,0.0293688,-2.76459
76.9603,59.8715,1.36898,-2.66459
25.6143,15.1687,-2.29749,-2.56459
-19.3321,72.144,-3.01701,-2.46459
-163.591,154.523,-3.12223,-2.36459
-289.275,206.646,-0.374971,-2.26459
-60.1126,169.166,0.94386,-2.16459
-23.8022,178.01,1.17744,-2.06459
-29.05,142.522,-0.921469,-1.96459
111.579,31.207,2.19603,-1.86459
-43.1465,-59.5063,-2.5794,-1.76459
-119.945,50.7028,0.707268,-1.66459
-34.1614,121.743,-0.866333,-1.56459
112.849,19.1606,3.08482,-1.46459
-73.8478,85.6804,-2.76786,-1.36459
-174.205,177.247,-1.75852,-1.26459
-101.571,106.829,-2.75553,-1.16459
-194.521,193.968,-1.58592,-1.06459
-95.9438,95.5226,2.18227,-0.964594
-207.773,-8.90969,1.96088,-0.864594
-273.521,-97.1641,0.0164721,-0.764594
-60.1702,4.85363,-3.05718,-0.664594
-200.492,95.9901,-1.95008,-0.564594
-148.415,74.3766,-2.1019,-0.464594
-128.583,84.775,0.789269,-0.364594
-54.3126,136.764,2.98403,-0.264594
-212.779,160.3,-3.0883,-0.164594
-325.599,216.222,2.15999,-0.0645943
-389.218,86.4061,-2.16925,0.0354057
-331.318,106.677,-0.162213,0.135406
-95.552,135.275,-2.27314,0.235406
-112.43,164.11,1.73254,0.335406
-170.985,52.9094,0.446439,0.435406
-32.8434,148.846,1.9328,0.535406
-130.432,29.6191,-0.160234,0.635406
65.0844,74.0356,-0.708021,0.735406
206.113,0.0153822,1.40571,0.835406
124.16,-38.4916,-0.600501,0.935406
261.069,-72.4895,1.49609,1.03541
156.607,-109.751,-0.800595,1.13541
271.527,-159.176,2.53271,1.23541
56.0192,-170.523,2.81659,1.33541
-127.111,-121.605,3.02124,1.43541
-269.419,-38.9157,0.703012,1.53541
-153.048,50.6393,1.93016,1.63541
-226.299,-48.8791,1.47578,1.73541
-230.726,-88.0116,2.27567,1.83541
-324.798,-148.604,-1.01252,1.93541
-134.309,-206.89,2.77561,2.03541
-278.91,-159.7,-1.5241,2.13541
-155.878,-194.803,-0.766761,2.23541
24.5007,-223.105,-2.77521,2.33541
-96.6278,-69.6987,-0.482943,2.43541
90.7012,-74.843,-2.91442,2.53541
-63.2319,45.5125,-1.9368,2.63541
-36.7576,31.6201,1.21579,2.73541
-44.758,18.5501,1.89394,2.83541
-135.567,-73.4044,0.0377348,2.93541
48.345,27.0439,0.296197,3.03541
165.111,129.9,-0.715548,3.13541
285.536,43.6124,-1.73138,-3.04778
269.741,-4.30843,2.64336,-2.94778
48.4579,-25.6393,0.122234,-2.84778
187.149,76.0415,-0.894928,-2.74778
287.146,-19.9088,-3.09681,-2.64778
73.5554,70.8556,-2.34589,-2.54778
11.3208,124.608,-2.7629,-2.44778
-105.321,208.318,-3.05234,-2.34778
-236.122,259.367,-0.951441,-2.24778
-57.0805,122.648,-1.63978,-2.14778
7.30188,45.5707,3.12027,-2.04778
-155.807,112.963,0.626758,-1.94778
-49.7304,181.88,0.242277,-1.84778
94.0257,251.722,-2.14842,-1.74778
58.4246,235.152,0.554832,-1.64778
133.361,287.11,-1.57934,-1.54778
167.175,169.209,-1.75201,-1.44778
172.38,99.3736,1.41162,-1.34778
96.4099,40.0842,2.40504,-1.24778
-74.615,-31.198,-2.05637,-1.14778
-62.8616,-8.04096,2.55376,-1.04778
-212.823,-45.8497,-1.08759,-0.94778
-52.718,-126.781,-3.06124,-0.84778
-194.937,-9.83205,2.6341,-0.74778
-322.857,-31.9188,-0.0784476,-0.64778
-92.8089,40.8595,2.47629,-0.54778
-231.546,-19.9777,0.886511,-0.44778
-152.076,36.7999,-0.423211,-0.34778
48.4882,22.865,0.170316,-0.24778
181.675,119.548,1.0326,-0.14778
156.241,122.211,-2.28956,-0.0477796
86.4209,156.446,0.929268,0.0522204
95.6663,170.434,-0.848329,0.15222
218.409,59.8417,-2.83585,0.25222
49.643,156.35,1.28939,0.35222
14.3213,105.518,-0.809439,0.45222
156.906,12.0287,-0.812324,0.55222
270.713,-63.0866,0.757517,0.65222
270.229,23.3904,-2.57411,0.75222
131.614,116.518,-2.5764,0.85222
20.3508,191.239,-0.902281,0.95222
152.99,71.6509,-0.197082,1.05222
293.008,99.9705,1.13834,1.15222
229.928,87.1761,0.544909,1.25222
272.171,169.615,-1.05394,1.35222
338.89,46.2878,1.06622,1.45222
277.054,57.4343,-1.01031,1.55222
347.404,-41.9679,-1.37251,1.65222
363.266,-114.835,2.94718,1.75222
120.071,-48.6538,1.5892,1.85222
32.2589,-102.689,-2.78097,1.95222
-91.2818,26.6817,0.439905,2.05222
31.9424,128.159,-1.66158,2.15222
75.7771,53.0175,0.128867,2.25222
208.275,139.68,0.20408,2.35222
305.365,215.643,2.91196,2.45222
72.9334,208.204,1.53516,2.55222
1.21609,109.547,-0.880338,2.65222
139.811,8.13963,-2.40744,2.75222
54.4158,83.8492,2.81778,2.85222
-128.401,82.1544,-2.12875,2.95222
-116.565,95.9109,-0.197468,3.05222
77.3748,119.297,-2.15006,-3.13096
44.8566,129.511,0.458476,-3.03096
137.938,209.534,1.07654,-2.93096
114.784,186.137,-2.98213,-2.83096
-52.3398,249.199,-2.74308,-2.73096
-153.24,307.592,1.26652,-2.63096
-144.895,230.437,-1.93556,-2.53096
-101.915,179.338,-0.57292,-2.43096
81.8996,106.791,0.141643,-2.33096
211.741,184.014,-1.45696,-2.23096
244.739,73.1498,0.10714,-2.13096
345.798,153.376,0.127836,-2.03096
424.406,219.857,0.911121,-1.93096
368.857,224.371,-0.0723484,-1.83096
460.196,247.019,-0.297981,-1.73096
540.161,218.378,-1.30818,-1.63096
524.955,89.2719,2.25957,-1.53096
281.288,-8.22832,2.51559,-1.43096
64.9615,-52.7372,-1.6748,-1.33096
100.519,-89.8126,-2.57435,-1.23096
-4.19246,25.9788,1.87863,-1.13096
-101.371,-66.8546,2.49963,-1.03096
-240.068,-102.337,2.98419,-0.930965
-361.378,-30.9486,-1.50864,-0.830965
-219.976,-93.5137,0.173419,-0.730965
-33.4679,26.7108,1.05765,-0.630965
