1.18001,3.00742,0.311142,0
1.25114,2.27858,1.74575,0.1
0.558207,2.00468,0.583011,0.2
0.742241,1.74491,1.39543,0.3
0.422615,1.71352,1.16594,0.4
0.348212,1.69154,1.34989,0.5
0.192929,1.68095,1.41126,0.6
0.056397,1.67092,1.52214,0.7
-0.0959178,1.65322,1.66296,0.8
-0.273205,1.61749,1.64595,0.9
-0.379178,1.59777,1.94918,1
-0.602024,1.49983,1.9215,1.1
-0.733971,1.44583,2.10127,1.2
-0.89842,1.34188,2.23305,1.3
-1.05449,1.21546,2.23415,1.4
-1.15632,1.13277,1.97697,1.5
-1.11984,1.18752,2.57503,1.6
-1.28627,0.937463,2.23906,1.7
-1.30865,0.949754,2.52964,1.8
-1.40091,0.808077,2.37341,1.9
-1.42451,0.799285,2.33133,2
-1.42786,0.814946,2.85127,2.1
-1.51047,0.536718,2.68819,2.2
-1.55531,0.450329,2.84803,2.3
-1.59329,0.301603,3.00878,2.4
-1.6119,0.111607,3.06683,2.5
-1.61812,-0.0451826,-2.95355,2.6
-1.572,-0.291234,-2.8191,2.7
-1.50222,-0.518537,-2.93138,2.8
-1.49073,-0.610381,-2.69179,2.9
-1.4037,-0.784315,-2.74682,3
-1.3678,-0.872873,-2.71944,3.1
-1.33435,-0.942768,-2.25038,-3.08319
-1.09482,-1.14894,-2.25577,-2.98319
-0.942003,-1.28172,-2.32476,-2.88319
-0.879004,-1.35087,-2.20853,-2.78319
-0.776212,-1.42326,-1.98437,-2.68319
-0.58308,-1.50221,-1.91055,-2.58319
-0.41477,-1.55774,-1.70938,-2.48319
-0.188494,-1.58927,-2.13197,-2.38319
-0.285082,-1.59229,-1.46185,-2.28319
0.034636,-1.57427,-1.49834,-2.18319
0.222634,-1.57022,-1.41075,-2.08319
0.391911,-1.54799,-1.19607,-1.98319
0.60861,-1.46877,-1.24502,-1.88319
0.726404,-1.43404,-1.08319,-1.78319
0.875883,-1.3519,-1.07941,-1.68319
0.974628,-1.29698,-0.908335,-1.58319
1.1041,-1.18618,-0.647756,-1.48319
1.26077,-0.981327,-0.613764,-1.38319
1.36945,-0.829596,-0.377984,-1.28319
1.46966,-0.597198,-0.334927,-1.18319
1.53675,-0.421142,-0.673313,-1.08319
1.53645,-0.497865,-0.408703,-0.983185
1.57615,-0.399345,-0.181888,-0.883185
1.6042,-0.20351,0.0411253,-0.783185
1.59568,0.0506066,0.10711,-0.683185
1.57688,0.251844,0.174219,-0.583185
1.54876,0.418346,0.424655,-0.483185
1.45103,0.648437,0.46184,-0.383185
1.37321,0.814256,0.576961,-0.283185
1.27466,0.968834,0.790219,-0.183185
1.10891,1.14022,0.864107,-0.0831853
0.96273,1.27092,0.523497,0.0168147
1.03079,1.24462,0.876219,0.116815
0.905517,1.34168,0.54797,0.216815
0.98324,1.3004,1.03768,0.316815
0.785911,1.40886,0.675937,0.416815
0.847609,1.39093,1.35932,0.516815
0.512058,1.48521,0.763743,0.616815
0.626638,1.46826,1.50379,0.716815
0.285168,1.52383,0.952092,0.816815
0.379807,1.53948,1.698,0.916815
0.0171225,1.53584,1.06622,1.01681
0.141792,1.56586,1.33436,1.11681
0.0677926,1.59971,1.38426,1.21681
-0.00930257,1.61977,1.69884,1.31681
-0.236248,1.58783,1.60257,1.41681
-0.33127,1.58673,1.81348,1.51681
-0.50521,1.53651,2.09347,1.61681
-0.746577,1.40409,2.15508,1.71681
-0.927628,1.29151,2.41377,1.81681
-1.12751,1.09256,2.2926,1.91681
-1.22299,1.02479,2.36836,2.01681
-1.30746,0.942741,2.51765,2.11681
-1.39782,0.810103,2.37113,2.21681
-1.42187,0.801772,2.71107,2.31681
-1.49989,0.609466,2.83523,2.41681
-1.55711,0.412495,2.65951,2.51681
-1.58248,0.38599,2.98428,2.61681
-1.60676,0.180599,2.99036,2.71681
-1.62211,0.0435804,-3.06885,2.81681
-1.60126,-0.171951,-2.87106,2.91681
-1.53769,-0.415604,-2.87891,3.01681
-1.49874,-0.570072,-2.76682,3.11681
-1.43674,-0.724438,-2.91869,-3.06637
-1.44466,-0.750722,-2.66157,-2.96637
-1.36185,-0.888493,-2.56319,-2.86637
-1.26664,-1.01764,-2.28574,-2.76637
-1.06962,-1.18923,-2.17561,-2.66637
-0.882056,-1.32464,-2.26186,-2.56637
-0.806965,-1.39451,-1.933,-2.46637
-0.573337,-1.48679,-1.7987,-2.36637
-0.343333,-1.54808,-2.21009,-2.26637
-0.428875,-1.55113,-1.95225,-2.16637
-0.338741,-1.58754,-1.83419,-2.06637
-0.211501,-1.61425,-1.46283,-1.96637
0.081936,-1.58876,-1.93765,-1.86637
0.0017515,-1.61282,-1.13651,-1.76637
0.381913,-1.48903,-1.4485,-1.66637
0.475365,-1.50417,-1.23141,-1.56637
0.646288,-1.4525,-1.42477,-1.46637
0.659867,-1.47489,-1.17151,-1.36637
0.794035,-1.41242,-0.789255,-1.26637
1.02414,-1.20288,-0.843816,-1.16637
1.15743,-1.09396,-0.613944,-1.06637
1.30224,-0.902904,-0.84994,-0.966371
1.33627,-0.901978,-0.656304,-0.866371
1.40987,-0.801233,-0.333402,-0.766371
1.49794,-0.552878,-0.280699,-0.666371
1.55607,-0.360768,-0.146842,-0.566371
1.58883,-0.158157,-0.0922325,-0.466371
1.60509,0.00494089,-0.236117,-0.366371
1.6252,0.027772,0.343495,-0.266371
1.52978,0.357302,0.361226,-0.166371
1.46167,0.579837,0.255412,-0.0663706
1.4515,0.673184,0.544066,0.0336294
1.3398,0.864334,0.746635,0.133629
1.17323,1.05959,0.779386,0.233629
1.0485,1.19614,0.504609,0.333629
1.09437,1.18829,1.20308,0.433629
0.763351,1.35247,0.956247,0.533629
0.688343,1.4289,1.13309,0.633629
0.539873,1.50381,1.38643,0.733629
0.296291,1.55732,1.02945,0.833629
0.344027,1.57463,1.42515,0.933629
0.146585,1.6008,1.63491,1.03363
-0.100271,1.58912,1.61213,1.13363
-0.24818,1.58584,1.82402,1.23363
-0.456511,1.53285,1.90886,1.33363
-0.633407,1.47159,1.97811,1.43363
-0.780466,1.40734,2.09614,1.53363
-0.926575,1.31901,1.81804,1.63363
-0.894456,1.36117,2.0762,1.73363
-0.992522,1.29728,2.24367,1.83363
-1.11928,1.18146,2.43313,1.93363
-1.25688,1.01082,2.28061,2.03363
-1.30328,0.977517,2.27767,2.13363
-1.33249,0.957292,2.25538,2.23363
-1.34418,0.954887,2.37412,2.33363
-1.38782,0.894349,2.54011,2.43363
-1.45434,0.766292,2.53061,2.53363
-1.4958,0.688294,2.63655,2.63363
-1.53977,0.578321,3.04767,2.73363
-1.57339,0.269134,2.91789,2.83363
-1.60424,0.143158,-2.93436,2.93363
-1.55785,-0.178747,-3.06636,3.03363
-1.559,-0.317824,-2.98654,3.13363
-1.54192,-0.451149,-2.59385,-3.04956
-1.397,-0.721463,-2.71582,-2.94956
-1.35197,-0.845961,-2.3835,-2.84956
-1.17542,-1.05108,-2.46264,-2.74956
-1.09935,-1.15939,-2.35683,-2.64956
-0.997747,-1.26254,-2.51621,-2.54956
-1.00888,-1.2782,-2.08457,-2.44956
-0.791654,-1.39716,-2.10271,-2.34956
-0.660705,-1.47194,-1.91037,-2.24956
-0.465121,-1.53807,-1.94665,-2.14956
-0.359057,-1.57939,-1.99072,-2.04956
-0.315594,-1.60318,-1.55547,-1.94956
-0.0365735,-1.59955,-1.69543,-1.84956
0.0653722,-1.61525,-1.5287,-1.74956
0.225914,-1.60269,-1.63711,-1.64956
0.269386,-1.61112,-1.43951,-1.54956
0.407032,-1.58146,-1.03042,-1.44956
0.68987,-1.42585,-1.22416,-1.34956
0.789151,-1.39913,-1.14323,-1.24956
0.890754,-1.35268,-1.0493,-1.14956
0.9967,-1.2851,-0.950583,-1.04956
1.10353,-1.19802,-1.11404,-0.949556
1.10787,-1.21074,-0.795666,-0.849556
1.2263,-1.07504,-0.575755,-0.749556
1.35393,-0.869472,-0.606207,-0.649556
1.43143,-0.752728,-0.154398,-0.549556
1.50837,-0.417297,-0.674449,-0.449556
1.51775,-0.495976,-0.354038,-0.349556
1.56727,-0.366453,-0.3942,-0.249556
1.59723,-0.305545,-0.283259,-0.149556
1.6206,-0.201493,0.221524,-0.0495559
1.56455,0.148162,-0.188932,0.0504441
1.59704,0.148284,0.533664,0.150444
1.43882,0.519004,0.231039,0.250444
1.44371,0.621335,0.698276,0.350444
1.26448,0.886443,0.801194,0.450444
1.09668,1.08971,0.917738,0.550444
0.926032,1.2503,0.598619,0.650444
0.974384,1.26043,0.755872,0.750444
0.9311,1.31983,0.714485,0.850444
0.923419,1.34568,0.931322,0.950444
0.80603,1.41953,1.22204,1.05044
0.564919,1.50366,1.136,1.15044
0.457972,1.55267,1.15056,1.25044
0.380072,1.58579,1.5625,1.35044
0.091696,1.59207,1.63121,1.45044
-0.133916,1.58416,1.90131,1.55044
-0.420122,1.50747,1.76357,1.65044
-0.537401,1.49883,1.91549,1.75044
-0.689129,1.44723,2.26521,1.85044
-0.929247,1.26863,1.87378,1.95044
-0.923808,1.31136,2.33329,2.05044
-1.10298,1.14682,2.57367,2.15044
-1.27509,0.911762,2.53321,2.25044
-1.37978,0.781414,2.78486,2.35044
-1.47747,0.553553,2.47063,2.45044
-1.49844,0.582668,2.90329,2.55044
-1.55593,0.355446,2.81334,2.65044
-1.59304,0.260118,2.73494,2.75044
-1.61309,0.243626,3.10838,2.85044
-1.61351,0.0170389,2.88852,2.95044
-1.63101,-0.00361459,-3.00102,3.05044
-1.59221,-0.239232,3.02025,-3.13274
-1.61019,-0.246539,-3.04216,-3.03274
-1.58797,-0.375048,-2.57042,-2.93274
-1.4168,-0.681129,-2.92471,-2.83274
-1.43337,-0.719489,-2.60941,-2.73274
-1.33306,-0.889691,-2.74744,-2.63274
-1.3221,-0.941086,-2.31435,-2.53274
-1.12067,-1.13221,-2.23502,-2.43274
-0.947663,-1.27551,-2.45874,-2.33274
-0.949456,-1.30657,-2.06873,-2.23274
-0.744037,-1.41769,-2.28112,-2.13274
-0.727484,-1.45039,-1.78301,-2.03274
-0.434404,-1.52389,-2.11985,-1.93274
-0.438134,-1.55172,-1.89871,-1.83274
-0.313672,-1.59031,-1.8431,-1.73274
-0.200396,-1.6161,-1.64732,-1.63274
-0.0135386,-1.62106,-1.39133,-1.53274
0.248592,-1.57613,-1.50269,-1.43274
0.359323,-1.5723,-1.14609,-1.33274
0.610097,-1.46631,-1.08768,-1.23274
0.798394,-1.37469,-0.947756,-1.13274
0.975658,-1.25497,-1.08097,-1.03274
1.03883,-1.2346,-0.911716,-0.932741
1.14467,-1.14722,-0.675793,-0.832741
1.28103,-0.971149,-0.664368,-0.732741
1.37221,-0.850552,-0.788183,-0.632741
1.40027,-0.837118,-0.528933,-0.532741
1.47438,-0.688574,-0.348115,-0.432741
1.53934,-0.488201,-0.383216,-0.332741
1.57978,-0.378323,-0.476219,-0.232741
1.59789,-0.360429,-0.21812,-0.132741
1.61999,-0.199251,-0.259185,-0.0327412
1.63529,-0.118381,-0.18802,0.0672588
1.64298,-0.0244398,-0.109216,0.167259
1.64204,0.0821212,0.0264839,0.267259
1.62289,0.228152,-0.0466171,0.367259
1.62173,0.282029,0.633741,0.467259
1.41063,0.643861,0.232616,0.567259
1.42495,0.703294,0.325546,0.667259
1.40563,0.78784,0.431104,0.767259
1.35556,0.891466,0.495581,0.867259
1.29766,0.986508,0.61275,0.967259
1.20958,1.09419,0.987906,1.06726
0.960891,1.26682,1.05354,1.16726
0.762429,1.38929,0.971563,1.26726
0.679301,1.45571,0.931003,1.36726
0.647527,1.49098,1.03435,1.46726
0.569573,1.53225,1.09188,1.56726
0.486282,1.56669,1.71391,1.66726
0.0778505,1.5498,1.17897,1.76726
0.116582,1.58603,1.97952,1.86726
-0.293607,1.4812,1.57361,1.96726
-0.352419,1.52233,1.62226,2.06726
-0.41767,1.54054,1.74108,2.16726
-0.524071,1.52614,2.32432,2.26726
-0.840492,1.29091,1.97095,2.36726
-0.911832,1.29253,2.30459,2.46726
-1.08654,1.14887,2.65955,2.56726
-1.27661,0.864607,2.51539,2.66726
-1.37731,0.760556,2.70993,2.76726
-1.47083,0.583334,2.70627,2.86726
-1.53128,0.470244,2.88469,2.96726
-1.57761,0.293199,2.84167,3.06726
-1.60772,0.203173,2.96748,-3.11593
-1.62427,0.0714925,-2.91342,-3.01593
-1.56507,-0.236055,-2.84619,-2.91593
-1.50646,-0.469536,-2.56105,-2.81593
-1.35969,-0.746131,-2.61524,-2.71593
-1.28762,-0.904663,-2.80842,-2.61593
-1.31383,-0.922376,-2.53881,-2.51593
-1.22459,-1.04883,-2.28306,-2.41593
-1.04087,-1.21016,-2.2737,-2.31593
-0.916493,-1.3173,-2.48234,-2.21593
-0.940368,-1.32573,-2.27071,-2.11593
-0.849579,-1.39313,-2.15495,-2.01593
-0.727595,-1.46092,-1.79465,-1.91593
-0.441245,-1.53114,-1.68577,-1.81593
-0.19211,-1.5699,-1.74402,-1.71593
-0.0637885,-1.59963,-1.79232,-1.61593
-0.00841281,-1.62123,-1.66389,-1.51593
0.101779,-1.62625,-1.5241,-1.41593
0.252124,-1.60898,-1.53479,-1.31593
0.343934,-1.59972,-1.53407,-1.21593
0.404011,-1.59356,-0.895912,-1.11593
0.737424,-1.37308,-1.19153,-1.01593
0.83529,-1.35347,-0.682302,-0.915927
1.07846,-1.1087,-0.942105,-0.815927
1.15974,-1.07949,-0.760227,-0.715927
1.2699,-0.971607,-0.86232,-0.615927
1.31131,-0.952674,-0.439218,-0.515927
1.42724,-0.712555,-0.500672,-0.415927
1.49577,-0.591607,-0.275675,-0.315927
1.55466,-0.383016,-0.444399,-0.215927
1.58492,-0.345254,-0.173186,-0.115927
1.60939,-0.163309,0.185007,-0.0159265
1.56712,0.154133,0.0044505,0.0840735
1.57791,0.262677,0.270106,0.184073
1.52264,0.474366,0.0504324,0.284073
1.54094,0.496365,0.261182,0.384073
1.5013,0.621815,0.622612,0.484073
1.33746,0.860726,0.723948,0.584073
1.18292,1.05026,0.895465,0.684073
0.994108,1.21977,1.06815,0.784073
0.775739,1.36067,0.768149,0.884073
0.795812,1.3886,0.983169,0.984073
0.694574,1.45735,0.980074,1.08407
0.630485,1.5015,1.28715,1.18407
0.412929,1.55837,1.07379,1.28407
0.39477,1.58148,1.29579,1.38407
0.25468,1.61037,1.76435,1.48407
-0.099186,1.5655,1.45864,1.58407
-0.16079,1.59197,1.53599,1.68407
-0.244929,1.60001,1.90699,1.78407
-0.494988,1.51587,1.86954,1.88407
-0.639476,1.47342,2.00024,1.98407
-0.794297,1.40025,1.95033,2.08407
-0.872379,1.37104,2.48619,2.18407
-1.10853,1.10563,2.42496,2.28407
-1.2479,0.965851,2.52072,2.38407
-1.3597,0.823439,2.79538,2.48407
-1.46487,0.574756,2.58559,2.58407
-1.51226,0.533258,2.55254,2.68407
-1.53748,0.524704,3.07883,2.78407
-1.5683,0.216494,2.67886,2.88407
-1.59192,0.247531,-2.98698,2.98407
-1.56343,-0.0834335,-3.02664,3.08407
-1.55418,-0.277409,-2.87726,-3.09911
-1.50897,-0.481065,3.1063,-2.99911
-1.54612,-0.452834,-3.01817,-2.89911
-1.54102,-0.522066,-3.01412,-2.79911
-1.53678,-0.569234,-2.92424,-2.69911
-1.51123,-0.647,-2.63623,-2.59911
-1.39484,-0.831659,-2.73889,-2.49911
-1.35914,-0.907246,-2.14939,-2.39911
-1.05572,-1.14606,-2.50578,-2.29911
-1.04178,-1.20622,-2.42595,-2.19911
-0.994795,-1.2722,-2.17891,-2.09911
-0.835239,-1.37795,-2.16432,-1.99911
-0.723468,-1.44938,-2.13112,-1.89911
-0.63234,-1.5015,-2.01021,-1.79911
-0.504451,-1.55084,-2.10859,-1.69911
-0.477331,-1.57096,-1.89953,-1.59911
-0.339629,-1.60279,-1.41691,-1.49911
0.0231891,-1.57067,-1.36901,-1.39911
0.284061,-1.53751,-1.18265,-1.29911
0.544683,-1.45717,-1.48972,-1.19911
0.558873,-1.49236,-1.21275,-1.09911
0.70937,-1.43845,-1.17039,-0.999112
0.826721,-1.38833,-0.673392,-0.899112
1.07491,-1.12658,-0.901264,-0.799112
1.1717,-1.07208,-0.938441,-0.699112
1.22165,-1.054,-0.813591,-0.599112
1.29501,-0.982183,-0.615934,-0.499112
1.39129,-0.831346,-0.812428,-0.399112
1.40562,-0.836874,-0.0604415,-0.299112
1.4823,-0.418087,-0.3108,-0.199112
1.54559,-0.290681,-0.263956,-0.0991118
1.58699,-0.180589,0.223769,0.000888157
1.54207,0.162895,-0.25558,0.100888
1.58461,0.119113,0.0205513,0.200888
1.58659,0.248897,0.0447311,0.300888
1.58357,0.346664,0.0815667,0.400888
1.57442,0.430427,0.091622,0.500888
1.56639,0.490343,0.337292,0.600888
1.49365,0.65503,0.48882,0.700888
1.39015,0.829999,0.392764,0.800888
1.35972,0.901652,0.494018,0.900888
1.30099,0.992477,1.07074,1.00089
0.973745,1.21326,0.774265,1.10089
0.921428,1.29455,1.15064,1.20089
0.68127,1.41802,1.03086,1.30089
0.593473,1.4843,1.19188,1.40089
0.444259,1.54426,1.63321,1.50089
0.09415,1.5527,1.3692,1.60089
0.0165695,1.58995,1.57324,1.70089
-0.150595,1.59308,1.84321,1.80089
-0.402661,1.5318,1.71901,1.90089
-0.502672,1.5259,1.74731,2.00089
-0.582587,1.51504,1.94794,2.10089
-0.733668,1.44649,1.90072,2.20089
-0.809678,1.41818,2.09346,2.30089
-0.944474,1.32719,2.06725,2.40089
-1.02132,1.27886,2.20095,2.50089
-1.12312,1.18942,2.6164,2.60089
-1.29478,0.915461,2.46423,2.70089
-1.37825,0.821345,2.7894,2.80089
-1.47668,0.576871,2.6434,2.90089
-1.52823,0.502007,2.76828,3.00089
-1.57313,0.381555,2.9814,3.10089
-1.60089,0.179382,2.88505,-3.0823
-1.62285,0.10393,3.01099,-2.9823
-1.63092,-0.0181509,-2.75266,-2.8823
-1.5176,-0.372202,-2.96982,-2.7823
-1.51085,-0.495295,-2.98773,-2.6823
-1.51092,-0.565877,-2.8392,-2.5823
-1.46904,-0.68733,-2.9297,-2.4823
-1.4687,-0.720961,-2.73484,-2.3823
-1.40566,-0.837123,-2.67649,-2.2823
-1.34243,-0.938301,-2.10624,-2.1823
-1.0207,-1.17316,-2.21873,-2.0823
-0.873864,-1.30562,-2.32357,-1.9823
-0.834097,-1.36673,-2.20138,-1.8823
-0.743119,-1.43501,-2.06967,-1.7823
-0.610455,-1.50106,-2.17987,-1.6823
-0.585946,-1.52652,-1.5202,-1.5823
-0.192749,-1.54343,-1.53946,-1.4823
0.0521775,-1.55794,-1.49744,-1.3823
0.234527,-1.55943,-1.57659,-1.2823
0.309196,-1.57455,-1.19253,-1.1823
0.556479,-1.48478,-1.24679,-1.0823
0.691672,-1.44503,-1.16109,-0.982297
0.819415,-1.38919,-0.670909,-0.882297
1.07072,-1.1258,-0.877178,-0.782297
1.17702,-1.06008,-0.497942,-0.682297
1.33348,-0.81595,-0.830381,-0.582297
1.36264,-0.835818,-0.22266,-0.482297
1.46723,-0.510894,-0.689505,-0.382297
1.48756,-0.564878,-0.371779,-0.282297
1.54678,-0.421535,-0.217576,-0.182297
1.58674,-0.238653,0.160491,-0.0822972
1.55862,0.0923091,-0.125553,0.0177028
1.58873,0.148616,0.0621936,0.117703
1.58165,0.291097,0.368861,0.217703
1.49271,0.540361,0.588873,0.317703
1.34707,0.795323,0.501458,0.417703
1.28974,0.926456,0.561998,0.517703
1.22694,1.036,0.903767,0.617703
1.01825,1.21236,0.832608,0.717703
0.920364,1.30993,1.15723,0.817703
0.676778,1.42854,1.2319,0.917703
0.475177,1.50989,1.07028,1.0177
0.437224,1.54952,1.05677,1.1177
0.420219,1.57349,1.39358,1.2177
0.21437,1.6022,1.68651,1.3177
-0.0842434,1.57921,1.35442,1.4177
-0.0908004,1.60778,1.46095,1.5177
-0.156666,1.61922,1.70139,1.6177
-0.333393,1.58689,1.83961,1.7177
-0.51969,1.52887,2.14842,1.8177
-0.77762,1.37555,1.7727,1.9177
-0.774501,1.41065,2.04165,2.0177
-0.900058,1.3434,2.38352,2.1177
-1.10169,1.14203,1.95054,2.2177
-1.07229,1.20312,2.72072,2.3177
-1.27349,0.86478,2.47078,2.4177
-1.36588,0.784883,2.65521,2.5177
-1.45767,0.63049,2.76818,2.6177
-1.52726,0.465129,2.94797,2.7177
-1.57304,0.253075,2.86116,2.8177
-1.60488,0.165743,-2.97773,2.9177
-1.56957,-0.141479,-2.86454,3.0177
-1.5151,-0.399033,-2.85076,3.1177
-1.47542,-0.57323,-2.62962,-3.06548
-1.36884,-0.786427,-2.55778,-2.96548
-1.2688,-0.953352,-2.27275,-2.86548
-1.06414,-1.1506,-2.54459,-2.76548
-1.06488,-1.19502,-2.04148,-2.66548
-0.803527,-1.34843,-2.18775,-2.56548
-0.715778,-1.42581,-2.13003,-2.46548
-0.626729,-1.48635,-2.291,-2.36548
-0.656448,-1.49259,-2.13409,-2.26548
-0.590434,-1.5291,-2.05121,-2.16548
-0.500697,-1.56447,-1.78674,-2.06548
-0.289162,-1.59818,-1.88898,-1.96548
-0.211175,-1.62076,-1.87443,-1.86548
-0.152017,-1.63572,-1.60486,-1.76548
0.0420266,-1.62834,-1.27405,-1.66548
0.344073,-1.54716,-1.34571,-1.56548
0.504598,-1.51582,-1.55411,-1.46548
0.497312,-1.54253,-0.959803,-1.36548
0.775567,-1.36954,-1.49151,-1.26548
0.707968,-1.43577,-0.86516,-1.16548
0.945142,-1.25576,-1.19241,-1.06548
0.969899,-1.27752,-0.573844,-0.965482
1.18759,-1.00002,-0.892955,-0.865482
1.24775,-0.985877,-0.599154,-0.765482
1.36372,-0.824498,-0.669296,-0.665482
1.42487,-0.757886,-0.390595,-0.565482
1.50491,-0.55789,-0.677052,-0.465482
1.51491,-0.58876,-0.145948,-0.365482
1.562,-0.305836,-0.205953,-0.265482
1.59619,-0.156695,-0.124839,-0.165482
1.61309,-0.012825,-0.297728,-0.0654825
1.63081,-0.0196506,-0.119924,0.0345175
1.63514,0.0790814,0.342331,0.134518
1.53664,0.390102,0.455784,0.234518
1.43122,0.643726,0.594061,0.334518
1.3048,0.864459,0.654803,0.434518
1.19485,1.02985,0.705115,0.534518
1.09941,1.15419,0.886566,0.634518
0.944597,1.28531,0.783547,0.734518
0.897773,1.34404,0.823618,0.834518
0.846735,1.39318,0.940598,0.934518
0.751123,1.45229,1.17027,1.03452
0.559238,1.52205,1.03595,1.13452
0.511284,1.55268,1.62568,1.23452
0.141857,1.55962,1.39652,1.33452
0.031733,1.59302,1.39387,1.43452
-0.0383122,1.61488,1.6887,1.53452
-0.249666,1.58696,1.43895,1.63452
-0.247275,1.6077,1.57497,1.73452
-0.323066,1.60433,1.82924,1.83452
-0.5078,1.54333,2.0157,1.93452
-0.715504,1.43979,2.0351,2.03452
-0.858908,1.36493,2.07627,2.13452
-0.969444,1.2997,2.12131,2.23452
-1.05945,1.23837,2.15734,2.33452
-1.13185,1.18278,2.11649,2.43452
-1.16311,1.16444,2.74006,2.53452
-1.33401,0.828475,2.45183,2.63452
-1.40091,0.771442,2.64026,2.73452
-1.47857,0.630258,2.96392,2.83452
-1.54054,0.351159,2.89703,2.93452
-1.58343,0.208608,3.07926,3.03452
-1.59811,0.0107905,-3.11468,3.13452
-1.59426,-0.167995,-2.86301,-3.04867
-1.53068,-0.417025,-2.88489,-2.94867
-1.49597,-0.568005,-2.58722,-2.84867
-1.36429,-0.800028,-2.42494,-2.74867
-1.20393,-1.0085,-2.56103,-2.64867
-1.16305,-1.09647,-2.20011,-2.54867
-0.956238,-1.2596,-2.14366,-2.44867
-0.79064,-1.37606,-2.13088,-2.34867
-0.675869,-1.45388,-2.24643,-2.24867
-0.664686,-1.48206,-1.87326,-2.14867
-0.446118,-1.54558,-2.13808,-2.04867
-0.455948,-1.56288,-2.0322,-1.94867
-0.402413,-1.58855,-2.03754,-1.84867
-0.370674,-1.60465,-1.94458,-1.74867
-0.296465,-1.62278,-1.6991,-1.64867
-0.105672,-1.63068,-1.5622,-1.54867
0.0961197,-1.61854,-1.24171,-1.44867
0.394871,-1.5303,-1.62088,-1.34867
0.388429,-1.562,-1.34845,-1.24867
0.532032,-1.52623,-1.04361,-1.14867
0.765837,-1.39552,-1.13658,-1.04867
0.878539,-1.34781,-0.971998,-0.948668
1.01886,-1.24846,-0.90257,-0.848668
1.13482,-1.15192,-0.851288,-0.748668
1.22702,-1.0645,-0.911488,-0.648668
1.26707,-1.03654,-0.756693,-0.548668
1.34062,-0.941868,-0.660494,-0.448668
1.41179,-0.829428,-0.511702,-0.348668
1.48428,-0.673833,-0.544387,-0.248668
1.52669,-0.591141,-0.499531,-0.148668
1.56057,-0.51204,-0.0341232,-0.0486678
1.5795,-0.192025,-0.454831,0.0513322
1.60003,-0.227096,-0.00847837,0.151332
1.60136,0.00763387,-0.261194,0.251332
1.62321,0.014924,-0.072339,0.351332
1.62518,0.128808,-0.00626112,0.451332
1.61736,0.240216,0.588466,0.551332
1.42827,0.600075,0.283837,0.651332
1.42117,0.70047,0.453378,0.751332
1.3571,0.844424,0.411831,0.851332
1.33125,0.919659,1.00469,0.951332
1.03063,1.15623,0.872463,1.05133
0.907408,1.28333,1.15122,1.15133
0.671821,1.41077,1.11745,1.25133
0.538112,1.49051,1.20367,1.35133
0.40144,1.54895,1.32706,1.45133
0.240812,1.58888,1.59489,1.55133
-0.0169196,1.58875,1.55312,1.65133
-0.161072,1.59543,1.96791,1.75133
-0.468831,1.49157,1.56973,1.85133
-0.464145,1.52969,1.90201,1.95133
-0.635107,1.47183,2.10131,2.05133
-0.834175,1.35876,2.10787,2.15133
-0.966198,1.28249,2.04259,2.25133
-1.02506,1.25972,2.10348,2.35133
-1.08851,1.21998,2.63614,2.45133
-1.27498,0.924147,2.19299,2.55133
-1.28513,0.9625,2.6223,2.65133
-1.40092,0.764624,2.58259,2.75133
-1.47021,0.65835,2.62013,2.85133
-1.52091,0.568154,2.8938,2.95133
-1.57073,0.351537,3.07132,3.05133
-1.59083,0.108212,2.86461,-3.13185
-1.61645,0.0695681,-2.98746,-3.03185
-1.57949,-0.198856,-3.136,-2.93185
-1.58576,-0.292387,-3.08591,-2.83185
-1.58097,-0.380972,-2.82605,-2.73185
-1.51033,-0.57352,-2.5768,-2.63185
-1.36911,-0.807675,-2.8255,-2.53185
-1.37244,-0.851142,-2.32804,-2.43185
-1.16048,-1.07012,-2.22471,-2.33185
-0.967965,-1.23738,-2.2477,-2.23185
-0.855229,-1.34105,-1.97483,-2.13185
-0.628937,-1.44949,-1.81729,-2.03185
-0.390287,-1.52428,-2.05972,-1.93185
-0.375449,-1.56032,-2.01625,-1.83185
-0.340942,-1.5885,-1.44478,-1.73185
0.00749879,-1.56798,-1.54815,-1.63185
0.177515,-1.57542,-1.77176,-1.53185
0.160384,-1.60469,-1.11936,-1.43185
0.492528,-1.47714,-1.32078,-1.33185
0.613722,-1.46315,-1.41786,-1.23185
0.642363,-1.48013,-1.15237,-1.13185
0.791274,-1.40876,-1.21444,-1.03185
0.85964,-1.3847,-1.22755,-0.931853
0.897898,-1.37354,-0.718199,-0.831853
1.11059,-1.14082,-0.913151,-0.731853
1.19082,-1.08693,-0.408778,-0.631853
1.35149,-0.782283,-0.63329,-0.531853
1.42456,-0.710918,-0.21166,-0.431853
1.50708,-0.423314,-0.370621,-0.331853
1.55953,-0.328847,0.115133,-0.231853
1.55161,0.0095225,-0.391696,-0.131853
1.58721,-0.0597118,0.371533,-0.0318531
1.49539,0.313576,-0.089724,0.0681469
1.54409,0.313002,0.164991,0.168147
1.52977,0.453255,0.1822,0.268147
1.51609,0.553436,0.546436,0.368147
1.38077,0.787436,0.533954,0.468147
1.29812,0.934568,0.344146,0.568147
1.31696,0.947028,0.527115,0.668147
1.25952,1.03555,0.952023,0.768147
1.01318,1.22209,0.910597,0.868147
0.875619,1.33481,1.26573,0.968147
0.584739,1.44982,1.0024,1.06815
0.546674,1.50046,1.08503,1.16815
0.475303,1.54522,1.58562,1.26815
0.140662,1.56196,1.43725,1.36815
0.00742146,1.59159,1.82325,1.46815
-0.289981,1.53682,1.75879,1.56815
-0.450327,1.51916,1.71617,1.66815
-0.532146,1.51837,1.97656,1.76815
-0.713947,1.43831,2.07426,1.86815
-0.874392,1.34822,2.27795,1.96815
-1.0538,1.19812,2.32059,2.06815
-1.1837,1.07957,2.06484,2.16815
-1.17582,1.11888,2.45286,2.26815
-1.29832,0.959656,2.69915,2.36815
-1.41849,0.718943,2.57267,2.46815
-1.48001,0.6342,2.70267,2.56815
-1.53691,0.505379,2.69732,2.66815
-1.5734,0.424715,3.10735,2.76815
-1.58786,0.135328,2.94703,2.86815
-1.61248,0.0392496,3.10829,2.96815
-1.61313,-0.11575,-3.10938,3.06815
-1.60309,-0.253192,-3.04057,-3.11504
-1.58302,-0.380233,-3.076,-3.01504
-1.57727,-0.443514,-2.7146,-2.91504
-1.46868,-0.665834,-2.63057,-2.81504
-1.36485,-0.846232,-2.57952,-2.71504
-1.27573,-0.983882,-2.59763,-2.61504
-1.22559,-1.06625,-2.4259,-2.51504
-1.11425,-1.18124,-2.50136,-2.41504
-1.07778,-1.23065,-2.29057,-2.31504
-0.949405,-1.32649,-1.89224,-2.21504
-0.642234,-1.44409,-1.88064,-2.11504
-0.435818,-1.52078,-1.95929,-2.01504
-0.347329,-1.56738,-1.78424,-1.91504
-0.188016,-1.59998,-1.83032,-1.81504
-0.111275,-1.62229,-1.83842,-1.71504
-0.06611,-1.63687,-1.53057,-1.61504
0.139417,-1.61708,-1.55349,-1.51504
0.260289,-1.60825,-1.44509,-1.41504
0.398136,-1.58088,-1.42777,-1.31504
0.496978,-1.55905,-0.930335,-1.21504
0.785963,-1.36679,-1.11369,-1.11504
0.901606,-1.3203,-0.88,-1.01504
1.06617,-1.18787,-0.758165,-0.915038
1.20964,-1.04099,-0.587896,-0.815038
1.34098,-0.854088,-0.424528,-0.715038
1.44783,-0.640018,-0.216254,-0.615038
1.52238,-0.379899,-0.171421,-0.515038
1.56863,-0.184806,-0.194298,-0.415038
1.59997,-0.0712577,0.00848647,-0.315038
1.5986,0.118429,0.0358159,-0.215038
1.593,0.256929,0.017457,-0.115038
1.59257,0.336755,0.358844,-0.0150384
1.50331,0.565367,0.379752,0.0849616
1.43795,0.723676,0.124367,0.184962
1.47049,0.69862,0.758481,0.284962
1.25226,0.955423,0.578325,0.384962
1.19544,1.06111,0.534586,0.484962
1.17739,1.11271,0.961854,0.584962
0.954383,1.27413,0.780381,0.684962
0.905742,1.33587,0.94459,0.784962
0.787293,1.41583,1.34055,0.884962
0.483762,1.50203,0.863688,0.984962
0.556604,1.506,1.33477,1.08496
0.33718,1.56079,1.19366,1.18496
0.276636,1.59408,1.71652,1.28496
-0.0598069,1.56698,1.46712,1.38496
-0.14006,1.59209,1.58312,1.48496
-0.25793,1.59284,1.84789,1.58496
-0.474745,1.53022,1.58171,1.68496
-0.474688,1.55286,1.70935,1.78496
-0.544355,1.5419,1.81969,1.88496
-0.646845,1.50556,2.31709,1.98496
-0.918118,1.28115,2.10384,2.08496
-1.01915,1.23375,1.9935,2.18496
-1.03809,1.24701,2.68633,2.28496
-1.24807,0.913086,2.07225,2.38496
-1.22074,1.00765,2.85782,2.48496
-1.37588,0.658157,2.26098,2.58496
-1.37424,0.757767,3.05123,2.68496
-1.46541,0.383733,2.60616,2.78496
-1.51578,0.397539,-2.97401,2.88496
-1.51072,0.00723219,-3.04938,2.98496
-1.52486,-0.206186,-2.94709,3.08496
-1.50967,-0.399238,3.07974,-3.09822
-1.55011,-0.384581,-3.09886,-2.99822
-1.56022,-0.433752,-2.5508,-2.89822
-1.3901,-0.726752,-3.0929,-2.79822
-1.45511,-0.659458,-2.7596,-2.69822
-1.40582,-0.785867,-2.27764,-2.59822
-1.1558,-1.04056,-2.7267,-2.49822
-1.19926,-1.04852,-2.45543,-2.39822
-1.11141,-1.16013,-2.41689,-2.29822
-1.03562,-1.24511,-2.18341,-2.19822
-0.864256,-1.35948,-2.25955,-2.09822
-0.794161,-1.4177,-1.86608,-1.99822
-0.526098,-1.50383,-1.87419,-1.89822
-0.356576,-1.55971,-1.79165,-1.79822
-0.198338,-1.59526,-1.38503,-1.69822
0.131759,-1.55773,-1.8808,-1.59822
0.0671835,-1.59464,-1.48726,-1.49822
0.249839,-1.58121,-1.50013,-1.39822
0.361536,-1.57509,-1.07527,-1.29822
0.642031,-1.44037,-1.41194,-1.19822
0.663893,-1.46388,-1.00328,-1.09822
0.86747,-1.33773,-1.31446,-0.998224
0.860608,-1.37066,-0.566792,-0.898224
1.11774,-1.05663,-0.636849,-0.798224
1.2719,-0.891186,-0.853413,-0.698224
1.31545,-0.896061,-0.504547,-0.598224
1.42261,-0.713087,-0.365985,-0.498224
1.50487,-0.514509,-0.471106,-0.398224
1.54978,-0.446029,-0.0051987,-0.298224
1.56818,-0.132832,-0.130808,-0.198224
1.5954,-0.000751864,0.107419,-0.0982237
1.57663,0.218628,0.355598,0.00177631
1.49407,0.487063,0.357935,0.101776
1.4396,0.662642,0.328924,0.201776
1.41403,0.763034,0.570515,0.301776
1.30402,0.933068,0.487095,0.401776
1.26759,1.01,0.968398,0.501776
1.00941,1.20859,0.834413,0.601776
0.913673,1.30795,1.02731,0.701776
0.746531,1.41221,1.1368,0.801776
0.575558,1.4933,1.12272,0.901776
0.47252,1.54468,1.48871,1.00178
0.193596,1.57528,1.51985,1.10178
-0.00543595,1.59135,1.54328,1.20178
-0.148063,1.59857,1.62464,1.30178
-0.286145,1.58965,1.73522,1.40178
-0.435501,1.55953,1.83143,1.50178
-0.581982,1.51355,2.06244,1.60178
-0.783699,1.40195,2.20593,1.70178
-0.970443,1.26714,2.2158,1.80178
-1.09532,1.17494,2.54405,1.90178
-1.26494,0.946501,2.33345,2.00178
-1.32476,0.909572,2.72414,2.10178
-1.43787,0.672006,2.29665,2.20178
-1.426,0.749443,2.67538,2.30178
-1.49906,0.595939,3.00801,2.40178
-1.55071,0.30337,2.48851,2.50178
-1.54994,0.410392,2.9093,2.60178
-1.58926,0.239968,-3.02805,2.70178
-1.57128,-0.0664389,-2.94677,2.80178
-1.53976,-0.30857,-3.07766,2.90178
-1.54948,-0.396022,-2.98116,3.00178
-1.53441,-0.504819,-2.86727,3.10178
-1.49308,-0.633853,-3.03854,-3.08141
-1.51107,-0.628764,-2.79018,-2.98141
-1.4529,-0.751683,-2.97413,-2.88141
-1.46988,-0.739697,-2.33811,-2.78141
-1.22901,-0.994952,-2.47964,-2.68141
-1.14223,-1.11714,-2.56076,-2.58141
-1.12282,-1.16718,-2.49772,-2.48141
-1.08166,-1.2228,-2.16465,-2.38141
-0.883828,-1.34847,-2.18881,-2.28141
-0.768557,-1.42563,-1.98624,-2.18141
-0.579183,-1.5036,-2.1296,-2.08141
-0.537704,-1.53699,-1.87459,-1.98141
-0.364353,-1.58126,-1.54294,-1.88141
-0.061294,-1.58315,-1.80249,-1.78141
-0.0127076,-1.61082,-1.46807,-1.68141
0.208322,-1.58767,-1.38647,-1.58141
0.395337,-1.55318,-1.53365,-1.48141
0.437657,-1.56324,-1.37987,-1.38141
0.547841,-1.53556,-1.20818,-1.28141
0.704338,-1.46494,-1.4089,-1.18141
0.705994,-1.4791,-0.805092,-1.08141
0.962344,-1.25423,-0.774165,-0.981409
1.13779,-1.09235,-0.701278,-0.881409
1.27064,-0.949097,-0.782924,-0.781409
1.33573,-0.898495,-0.315518,-0.681409
1.45023,-0.605693,-0.484107,-0.581409
1.51277,-0.51272,-0.355419,-0.481409
1.56398,-0.378139,-0.0984665,-0.381409
1.5896,-0.141617,-0.449981,-0.281409
1.60709,-0.19155,0.274802,-0.181409
1.54018,0.181449,0.112781,-0.081409
1.53955,0.339949,0.00183973,0.018591
1.56041,0.381997,0.338843,0.118591
1.48924,0.585342,0.271195,0.218591
1.46468,0.684639,0.518515,0.318591
1.35914,0.861515,0.734774,0.418591
1.19168,1.05414,0.821331,0.518591
1.03896,1.20414,0.922518,0.618591
0.885923,1.32569,0.885714,0.718591
0.806284,1.39658,0.983411,0.818591
0.701246,1.46259,1.10593,0.918591
0.563839,1.52298,1.09726,1.01859
0.479482,1.56128,1.31365,1.11859
0.299345,1.59711,1.18214,1.21859
0.258717,1.61699,1.43709,1.31859
0.0842449,1.62737,1.27077,1.41859
0.0674098,1.64006,1.60262,1.51859
-0.133923,1.62067,1.57025,1.61859
-0.246747,1.61352,1.97757,1.71859
-0.528892,1.49979,1.81807,1.81859
-0.635979,1.47867,1.8414,1.91859
-0.71726,1.45799,2.31224,2.01859
-0.962416,1.25263,1.83562,2.11859
-0.926567,1.31281,2.14515,2.21859
-1.04084,1.23654,2.45125,2.31859
-1.21021,1.037,2.18377,2.41859
-1.23968,1.04005,2.26273,2.51859
-1.28629,1.00515,2.71288,2.61859
-1.41192,0.740622,2.75862,2.71859
-1.49697,0.542255,2.54751,2.81859
-1.52664,0.533341,2.78354,2.91859
-1.57287,0.393073,2.82023,3.01859
-1.60424,0.28057,-3.00597,3.11859
-1.57598,-0.0518738,3.13967,-3.06459
-1.58469,-0.19264,-2.98878,-2.96459
-1.55917,-0.368595,-3.04514,-2.86459
-1.55545,-0.452773,-2.63635,-2.76459
-1.42363,-0.705364,-2.48757,-2.66459
-1.27246,-0.926164,-2.36143,-2.56459
-1.1126,-1.10963,-2.28878,-2.46459
-0.971096,-1.24828,-2.3039,-2.36459
-0.887057,-1.33458,-1.85292,-2.26459
-0.578816,-1.44988,-2.03568,-2.16459
-0.484271,-1.51473,-1.67581,-2.06459
-0.214357,-1.55826,-1.65539,-1.96459
-0.027221,-1.58438,-1.58416,-1.86459
0.13481,-1.59194,-1.64419,-1.76459
0.206133,-1.60498,-1.19105,-1.66459
0.490171,-1.50403,-1.18571,-1.56459
0.67725,-1.43651,-1.4313,-1.46459
0.676526,-1.46604,-0.794652,-1.36459
0.94622,-1.24047,-0.787364,-1.26459
1.1236,-1.09015,-0.605444,-1.16459
1.28186,-0.895748,-0.428743,-1.06459
1.40904,-0.669526,-0.606234,-0.964594
1.46725,-0.622779,-0.303755,-0.864594
1.53593,-0.41963,-0.500686,-0.764594
1.56642,-0.401214,-0.487389,-0.664594
1.5879,-0.38168,-0.0887508,-0.564594
1.60411,-0.138357,-0.034396,-0.464594
1.60784,0.0507155,-0.0566812,-0.364594
1.61326,0.160984,0.302319,-0.264594
1.53559,0.424114,-0.168901,-0.164594
1.57706,0.339262,0.238201,-0.0645943
1.53152,0.508137,0.4317,0.0354057
1.43717,0.709923,0.545123,0.135406
1.33003,0.888633,0.701246,0.235406
1.18915,1.06115,0.588263,0.335406
1.15003,1.13361,0.828677,0.435406
1.00807,1.25772,0.560783,0.535406
1.04438,1.25085,1.20592,0.635406
0.729207,1.39328,1.01414,0.735406
0.634017,1.46562,0.88669,0.835406
0.642022,1.48776,1.20275,0.935406
0.469512,1.54711,1.1504,1.03541
0.387661,1.58216,1.10326,1.13541
0.361536,1.60042,1.69616,1.23541
0.00623598,1.57587,1.59534,1.33541
-0.169639,1.58022,1.34934,1.43541
-0.143355,1.60861,1.76461,1.53541
-0.358041,1.5643,1.46488,1.63541
-0.332628,1.59057,1.60994,1.73541
-0.398,1.58718,1.87707,1.83541
-0.580098,1.51737,1.62469,1.93541
-0.566997,1.53686,1.82206,2.03541
-0.662756,1.50159,2.30044,2.13541
-0.923357,1.28681,1.84361,2.23541
-0.905153,1.3326,2.65458,2.33541
-1.15812,0.986867,2.0128,2.43541
-1.13694,1.07921,2.27324,2.53541
-1.22294,1.02554,2.23451,2.63541
-1.26593,1.00915,2.52808,2.73541
-1.37285,0.847542,2.58683,2.83541
-1.45264,0.709873,2.70296,2.93541
-1.51916,0.554398,2.85293,3.03541
-1.56983,0.366392,-3.01793,3.13541
-1.55638,0.0103002,2.93756,-3.04778
-1.59245,-0.0365166,-2.81925,-2.94778
-1.51556,-0.352899,-2.93112,-2.84778
-1.49933,-0.50285,-2.51217,-2.74778
-1.33306,-0.78585,-2.4931,-2.64778
-1.21617,-0.976552,-2.76876,-2.54778
-1.25376,-0.987751,-2.29848,-2.44778
-1.06795,-1.16662,-2.21446,-2.34778
-0.902252,-1.30227,-2.07068,-2.24778
-0.714461,-1.41465,-1.97601,-2.14778
-0.538117,-1.49724,-2.10903,-2.04778
-0.499466,-1.53605,-1.60433,-1.94778
-0.183518,-1.56348,-1.57852,-1.84778
0.0363817,-1.57748,-1.6292,-1.74778
0.15069,-1.59375,-1.44054,-1.64778
0.329328,-1.57041,-1.13214,-1.54778
0.596758,-1.45979,-1.0449,-1.44778
0.807387,-1.35288,-0.896217,-1.34778
0.999515,-1.21678,-0.711915,-1.24778
1.17819,-1.03561,-0.753396,-1.14778
1.28373,-0.939554,-0.815086,-1.04778
1.33492,-0.908541,-0.387958,-0.94778
1.44661,-0.654289,-0.427186,-0.84778
1.51626,-0.511681,-0.58631,-0.74778
1.54057,-0.509158,-0.061292,-0.64778
1.57012,-0.205555,-0.601584,-0.54778
1.57282,-0.318632,-0.168079,-0.44778
1.60121,-0.143047,0.0262611,-0.34778
1.59639,0.0816688,-0.117833,-0.24778
1.61258,0.146141,-0.165615,-0.14778
1.62689,0.160482,-0.000679342,-0.0477796
1.61759,0.263933,0.185802,0.0522204
1.57224,0.432254,0.153951,0.15222
1.5508,0.524945,0.231545,0.25222
1.51636,0.625454,0.376745,0.35222
1.44749,0.761345,0.59504,0.45222
1.31493,0.941278,0.71494,0.55222
1.17269,1.09977,0.930088,0.65222
0.968728,1.25943,0.590851,0.75222
1.0056,1.26346,0.852734,0.85222
0.901588,1.34825,1.05909,0.95222
0.720741,1.44298,0.95931,1.05222
0.658962,1.48831,1.29177,1.15222
0.428751,1.54981,1.21821,1.25222
0.321916,1.58818,1.69863,1.35222
-0.0208415,1.56735,1.43475,1.45222
-0.0961201,1.5953,1.85692,1.55222
-0.374026,1.52902,1.56323,1.65222
-0.398877,1.55506,2.1841,1.75222
-0.712431,1.37664,1.93734,1.85222
-0.813152,1.36027,2.00375,1.95222
-0.908735,1.32538,1.9534,2.05222
-0.948179,1.32127,2.3106,2.15222
-1.11201,1.16458,2.05398,2.25222
-1.12467,1.17853,2.23339,2.35222
-1.20167,1.10912,2.7109,2.45222
-1.35674,0.809342,2.62167,2.55222
-1.44737,0.665428,2.65861,2.65222
-1.51105,0.550905,2.6402,2.75222
-1.55015,0.486946,3.06165,2.85222
-1.57859,0.201746,3.04628,2.95222
-1.59877,0.0251542,-2.85666,3.05222
-1.53165,-0.294611,-2.80352,-3.13096
-1.47081,-0.528173,-3.08431,-3.03096
-1.50594,-0.535114,-2.7448,-2.93096
-1.43352,-0.71181,-2.84795,-2.83096
-1.42151,-0.777913,-2.86079,-2.73096
-1.41771,-0.814569,-2.32971,-2.63096
-1.19077,-1.0459,-2.39407,-2.53096
-1.07592,-1.17788,-2.33709,-2.43096
-0.972413,-1.28005,-2.05966,-2.33096
-0.753797,-1.40158,-2.17856,-2.23096
-0.678401,-1.46211,-1.92666,-2.13096
-0.486091,-1.53103,-1.81453,-2.03096
-0.29583,-1.57723,-2.03023,-1.93096
-0.297206,-1.59808,-1.80061,-1.83096
-0.164958,-1.62048,-1.62107,-1.73096
0.0244318,-1.62064,-1.58781,-1.63096
0.166332,-1.61606,-1.70504,-1.53096
0.191726,-1.62681,-1.02513,-1.43096
0.55202,-1.45307,-1.15813,-1.33096
0.729973,-1.39332,-1.3104,-1.23096
0.773266,-1.40558,-1.08403,-1.13096
0.90599,-1.33374,-0.750044,-1.03096
1.10769,-1.1316,-0.659258,-0.930965
1.26065,-0.952087,-0.756364,-0.830965
1.33654,-0.8868,-0.241585,-0.730965
1.45077,-0.555042,-0.35979,-0.630965
