-2.18526,-2.19111,-0.18779,0,-3.75713,-1.89241
-0.840395,-1.37158,-1.46414,0.1,-1.01072,0.219329
-0.327552,-1.43131,-1.58102,0.2,-0.311186,0.168605
-0.0586449,-1.49196,-1.28004,0.3,-0.517327,0.0408844
0.275704,-1.4604,-1.11501,0.4,-0.428562,-0.023735
0.569367,-1.38167,-0.913356,0.5,-0.408381,-0.115173
0.83895,-1.24358,-0.731123,0.6,-0.35213,-0.175253
1.06903,-1.06314,-0.549624,0.7,-0.295325,-0.227349
1.25597,-0.847128,-0.374654,0.8,-0.233044,-0.261608
1.39609,-0.606664,-0.203819,0.9,-0.170793,-0.282806
1.48825,-0.350994,-0.0375081,1,-0.110623,-0.290995
1.53297,-0.089258,0.124828,1.1,-0.054581,-0.288465
1.53215,0.17046,0.283385,1.2,-0.00403102,-0.276911
1.48883,0.420997,0.438454,1.3,0.0401712,-0.258267
1.40684,0.656256,0.590264,1.4,0.0775694,-0.234272
1.29064,0.871178,0.73904,1.5,0.108053,-0.206547
1.14505,1.06173,0.884983,1.6,0.131762,-0.176518
0.975105,1.22484,1.02828,1.7,0.149037,-0.145422
0.785916,1.35834,1.1691,1.8,0.160351,-0.114298
0.582529,1.4609,1.30761,1.9,0.166272,-0.0840014
0.369843,1.53193,1.44394,2,0.16742,-0.0552143
0.152532,1.5715,1.57824,2.1,0.164441,-0.028459
-0.0650181,1.58027,1.71063,2.2,0.157981,-0.00411725
-0.27875,1.55941,1.84122,2.3,0.148668,0.0175534
-0.484969,1.51052,1.97012,2.4,0.137101,0.0364025
-0.680366,1.43557,2.09743,2.5,0.123839,0.05237
-0.86203,1.33682,2.22325,2.6,0.109393,0.0654721
-1.02745,1.21677,2.34766,2.7,0.0942259,0.0757863
-1.17453,1.07807,2.48177,2.8,0.0896349,0.0973154
-1.30398,0.917596,2.6203,2.9,0.0835028,0.120793
-1.41288,0.736571,2.76969,3,0.0777331,0.155143
-1.49823,0.533209,2.94733,3.1,0.0716706,0.224342
-1.55421,0.297699,2.70694,-3.08319,-0.102979,-0.376053
-1.58554,0.284195,-3.10819,-2.98319,0.0135692,0.337635
-1.58494,0.00611208,-3.07119,-2.88319,0.0110934,0.11866
-1.57757,-0.195022,3.02855,-2.78319,0.0122169,-0.375505
-1.5999,-0.222575,-2.76537,-2.68319,-0.111799,0.365278
-1.50198,-0.499231,-3.04174,-2.58319,0.0900492,-0.339726
-1.51755,-0.53953,-2.52828,-2.48319,-0.209152,0.381394
-1.35225,-0.803858,-2.60298,-2.38319,0.0212257,0.0168495
-1.27761,-0.947103,-2.33727,-2.28319,-0.167853,0.205477
-1.1036,-1.13,-2.13996,-2.18319,-0.241318,0.217767
-0.884366,-1.29244,-2.16981,-2.08319,0.0177639,0.0289819
-0.758441,-1.3928,-2.23518,-1.98319,0.228084,-0.133128
-0.712303,-1.44486,-1.87991,-1.88319,-0.225558,0.0793088
-0.480941,-1.52129,-1.94808,-1.78319,0.108489,-0.0338171
-0.370165,-1.5684,-1.58596,-1.68319,-0.345905,0.0314201
-0.0891165,-1.58182,-1.64101,-1.58319,0.0231293,0.0142389
0.062394,-1.59803,-1.45873,-1.48319,-0.116531,-0.0080631
0.262176,-1.57731,-1.37063,-1.38319,-0.0559572,-0.00925937
0.438567,-1.54226,-1.24653,-1.28319,-0.0712097,-0.0256412
0.615152,-1.48231,-1.13789,-1.18319,-0.0560657,-0.029906
0.780015,-1.40472,-1.02413,-1.08319,-0.051737,-0.0379005
0.934804,-1.30828,-0.913374,-0.983185,-0.042921,-0.0417651
1.07648,-1.19589,-0.802306,-0.883185,-0.0356026,-0.0455492
1.20397,-1.06874,-0.692197,-0.783185,-0.0277801,-0.0475681
1.31581,-0.928913,-0.582483,-0.683185,-0.0203465,-0.048754
1.41095,-0.778233,-0.473343,-0.583185,-0.0131291,-0.0488497
1.48848,-0.618727,-0.364663,-0.483185,-0.00630716,-0.0481121
1.54775,-0.452409,-0.25645,-0.383185,7.78457e-05,-0.0465717
1.58831,-0.281342,-0.148665,-0.283185,0.00595725,-0.0443525
1.60992,-0.107583,-0.0412904,-0.183185,0.0112863,-0.0415373
1.61258,0.0668185,0.0656986,-0.0831853,0.0160288,-0.0382236
1.59646,0.239852,0.172322,0.0168147,0.0201597,-0.0345004
1.56197,0.409557,0.278598,0.116815,0.0236647,-0.0304564
1.50969,0.574047,0.384547,0.216815,0.0265383,-0.0261759
1.44038,0.731524,0.490186,0.316815,0.0287843,-0.0217399
1.35498,0.880292,0.59553,0.416815,0.0304141,-0.0172244
1.25458,1.01878,0.700596,0.516815,0.0314466,-0.0127007
1.14043,1.14554,0.805398,0.616815,0.0319066,-0.00823498
1.01388,1.25927,0.90995,0.716815,0.0318247,-0.00388736
0.876427,1.35884,1.01427,0.816815,0.0312361,0.000287643
0.729639,1.44325,1.11836,0.916815,0.0301802,0.00424159
0.575175,1.51172,1.22223,1.01681,0.0286992,0.00793213
0.414752,1.56359,1.32591,1.11681,0.0268382,0.011323
0.250132,1.59842,1.4294,1.21681,0.0246438,0.0143839
0.0831036,1.61593,1.5327,1.31681,0.0221639,0.0170905
-0.0845377,1.61604,1.63583,1.41681,0.0194471,0.0194245
-0.251006,1.59884,1.7388,1.51681,0.0165418,0.0213727
-0.414543,1.56461,1.84162,1.61681,0.013496,0.0229278
-0.573435,1.51378,1.94429,1.71681,0.0103568,0.0240872
-0.726029,1.44697,2.04682,1.81681,0.00716985,0.0248533
-0.87075,1.36495,2.14922,1.91681,0.00397889,0.025233
-1.00611,1.26865,2.2515,2.01681,0.000825646,0.0252373
-1.13074,1.15912,2.35366,2.11681,-0.00225064,0.024881
-1.24338,1.03756,2.4557,2.21681,-0.00521345,0.0241826
-1.34289,0.905283,2.55764,2.31681,-0.00802922,0.0231634
-1.4283,0.763689,2.65948,2.41681,-0.0106675,0.0218476
-1.49875,0.61428,2.76123,2.51681,-0.0131012,0.0202617
-1.55356,0.458624,2.86288,2.61681,-0.0153065,0.0184342
-1.59222,0.298346,2.96445,2.71681,-0.0172632,0.0163951
-1.61438,0.135111,3.06594,2.81681,-0.0189547,0.0141759
-1.61984,-0.0293924,-3.11584,2.91681,-0.0203677,0.0118087
-1.60859,-0.193472,-3.0145,3.01681,-0.0214926,0.00932621
-1.58079,-0.355446,-2.91323,3.11681,-0.0223234,0.00676132
-1.53675,-0.513659,-2.81203,-3.06637,-0.0228573,0.00414678
-1.47697,-0.6665,-2.71089,-2.96637,-0.0230951,0.00151486
-1.40209,-0.812418,-2.60981,-2.86637,-0.0230405,-0.00110294
-1.31289,-0.949936,-2.50878,-2.76637,-0.0227004,-0.00367617
-1.21032,-1.07767,-2.40781,-2.66637,-0.0220847,-0.00617569
-1.09544,-1.19433,-2.30689,-2.56637,-0.0212059,-0.00857392
-0.969443,-1.29875,-2.20601,-2.46637,-0.020079,-0.0108451
-0.833625,-1.38989,-2.10518,-2.36637,-0.0187214,-0.0129653
-0.689379,-1.46685,-2.0044,-2.26637,-0.0171524,-0.0149129
-0.538183,-1.52885,-1.90365,-2.16637,-0.0153933,-0.0166687
-0.381577,-1.57529,-1.80294,-2.06637,-0.0134667,-0.0182156
-0.221156,-1.60573,-1.70227,-1.96637,-0.0113969,-0.0195393
-0.0585478,-1.61987,-1.60164,-1.86637,-0.00920898,-0.0206281
0.104599,-1.61758,-1.50103,-1.76637,-0.00692878,-0.021473
0.266635,-1.59891,-1.40046,-1.66637,-0.00458277,-0.0220677
0.425924,-1.56407,-1.29992,-1.56637,-0.00219761,-0.0224085
0.580859,-1.51341,-1.19941,-1.46637,0.000200038,-0.0224946
0.72988,-1.44747,-1.09892,-1.36637,0.00258382,-0.0223279
0.871491,-1.36693,-0.998455,-1.26637,0.00492788,-0.0219126
1.00427,-1.2726,-0.898016,-1.16637,0.00720718,-0.0212557
1.12688,-1.16546,-0.7976,-1.06637,0.00939764,-0.0203666
1.2381,-1.04658,-0.697205,-0.966371,0.0114764,-0.0192568
1.33682,-0.917179,-0.596831,-0.866371,0.0134222,-0.0179402
1.42204,-0.778561,-0.496476,-0.766371,0.0152151,-0.0164324
1.49293,-0.632127,-0.396139,-0.666371,0.0168371,-0.014751
1.54877,-0.479354,-0.29582,-0.566371,0.0182723,-0.0129152
1.58902,-0.321784,-0.195517,-0.466371,0.0195066,-0.0109453
1.61328,-0.161002,-0.0952304,-0.366371,0.0205284,-0.0088632
1.62131,0.00137556,0.00504192,-0.266371,0.0213281,-0.00669147
1.61304,0.163716,0.1053,-0.166371,0.0218985,-0.00445352
1.58855,0.324388,0.205545,-0.0663706,0.022235,-0.00217319
1.54812,0.481781,0.305777,0.0336294,0.0223353,0.000125413
1.49213,0.634315,0.405998,0.133629,0.0221994,0.00241817
1.42117,0.780462,0.506206,0.233629,0.0218299,0.0046812
1.33596,0.918758,0.606405,0.333629,0.0212317,0.00689108
1.23734,1.04782,0.706592,0.433629,0.020412,0.0090251
1.12631,1.16635,0.806771,0.533629,0.0193802,0.0110614
1.004,1.27317,0.90694,0.633629,0.0181476,0.0129794
0.871631,1.36722,1.0071,0.733629,0.0167279,0.0147595
0.73053,1.44754,1.10725,0.833629,0.0151363,0.016384
0.582117,1.51335,1.2074,0.933629,0.0133897,0.0178366
0.42788,1.56398,1.30753,1.03363,0.0115067,0.0191029
0.269365,1.59893,1.40766,1.13363,0.00950678,0.0201705
0.108162,1.61785,1.50779,1.23363,0.00741095,0.0210289
-0.0541144,1.62057,1.6079,1.33363,0.00524088,0.02167
-0.215839,1.60705,1.70801,1.43363,0.00301897,0.0220876
-0.375391,1.57743,1.80812,1.53363,0.000768023,0.0222781
-0.531176,1.53202,1.90822,1.63363,-0.00148891,0.0222401
-0.681632,1.47127,2.00831,1.73363,-0.00372881,0.0219744
-0.825256,1.39578,2.1084,1.83363,-0.0059289,0.0214841
-0.960611,1.30633,2.20849,1.93363,-0.00806688,0.0207748
-1.08634,1.20381,2.30857,2.03363,-0.0101211,0.019854
-1.2012,1.08924,2.40864,2.13363,-0.0120709,0.0187314
-1.30402,0.963767,2.50871,2.23363,-0.0138966,0.0174187
-1.39379,0.828658,2.60878,2.33363,-0.0155799,0.0159297
-1.46961,0.685261,2.70885,2.43363,-0.017104,0.0142795
-1.53073,0.535013,2.80891,2.53363,-0.0184536,0.0124852
-1.57652,0.379416,2.90897,2.63363,-0.0196153,0.0105651
-1.60654,0.220028,3.00902,2.73363,-0.0205777,0.00853871
-1.62049,0.058443,3.10908,2.83363,-0.0213312,0.00642674
-1.61822,-0.103722,-3.07406,2.93363,-0.0218684,0.00425057
-1.59977,-0.264845,-2.97401,3.03363,-0.0221843,0.00203225
-1.56532,-0.423315,-2.87397,3.13363,-0.0222757,-0.000205797
-1.51521,-0.577547,-2.77392,-3.04956,-0.022142,-0.00244099
-1.44995,-0.725999,-2.67388,-2.94956,-0.0217848,-0.0046508
-1.37019,-0.867188,-2.57385,-2.84956,-0.0212078,-0.00681298
-1.27673,-0.999702,-2.47381,-2.74956,-0.020417,-0.00890579
-1.1705,-1.12222,-2.37377,-2.64956,-0.0194206,-0.0109082
-1.05258,-1.23351,-2.27374,-2.54956,-0.0182288,-0.0128002
-0.924126,-1.33246,-2.17371,-2.44956,-0.0168537,-0.0145628
-0.786437,-1.41809,-2.07368,-2.34956,-0.0153091,-0.0161783
-0.640888,-1.48954,-1.97365,-2.24956,-0.0136109,-0.0176306
-0.488933,-1.5461,-1.87363,-2.14956,-0.011776,-0.0189052
-0.332092,-1.5872,-1.7736,-2.04956,-0.00982311,-0.0199894
-0.171933,-1.61243,-1.67358,-1.94956,-0.0077718,-0.0208724
-0.0100573,-1.62154,-1.57356,-1.84956,-0.00564275,-0.0215455
0.151917,-1.61444,-1.47353,-1.74956,-0.00345737,-0.0220019
0.312371,-1.5912,-1.37351,-1.64956,-0.00123762,-0.0222373
0.469701,-1.55206,-1.27349,-1.54956,0.000994211,-0.0222493
0.622333,-1.4974,-1.17348,-1.44956,0.00321574,-0.0220379
0.768744,-1.42777,-1.07346,-1.34956,0.00540468,-0.0216054
0.907469,-1.34388,-0.973443,-1.24956,0.00753909,-0.0209561
1.03712,-1.24655,-0.873427,-1.14956,0.0095976,-0.0200967
1.15641,-1.13677,-0.773412,-1.04956,0.0115596,-0.0190357
1.26414,-1.01562,-0.673398,-0.949556,0.0134054,-0.017784
1.35923,-0.88432,-0.573385,-0.849556,0.0151167,-0.0163541
1.44073,-0.744185,-0.473372,-0.749556,0.0166762,-0.0147604
1.50784,-0.596613,-0.37336,-0.649556,0.0180684,-0.0130189
1.55987,-0.443079,-0.273349,-0.549556,0.0192795,-0.0111471
1.59632,-0.285118,-0.173338,-0.449556,0.0202972,-0.00916378
1.61681,-0.124309,-0.0733281,-0.349556,0.0211115,-0.00708879
1.62114,0.0377424,0.0266815,-0.249556,0.0217143,-0.00494296
1.60928,0.199416,0.126691,-0.149556,0.0220995,-0.00274778
1.58133,0.359095,0.226699,-0.0495559,0.0222634,-0.000525233
1.53757,0.515185,0.326708,0.0504441,0.0222043,0.00170243
1.47845,0.666126,0.426715,0.150444,0.021923,0.0039129
1.40456,0.810409,0.526723,0.250444,0.0214222,0.00608407
1.31663,0.946593,0.62673,0.350444,0.0207069,0.00819422
1.21554,1.07332,0.726737,0.450444,0.0197845,0.0102222
1.10231,1.18931,0.826743,0.550444,0.018664,0.0121478
0.978056,1.29343,0.926749,0.650444,0.0173569,0.0139518
0.844034,1.38461,1.02675,0.750444,0.0158761,0.015616
0.701577,1.46196,1.12676,0.850444,0.0142366,0.017124
0.55211,1.5247,1.22677,0.950444,0.0124546,0.0184605
0.397127,1.57221,1.32677,1.05044,0.0105482,0.0196123
0.238175,1.604,1.42677,1.15044,0.00853623,0.0205678
0.0768442,1.61977,1.52678,1.25044,0.00643899,0.0213176
-0.0852545,1.61935,1.62678,1.35044,0.00427741,0.0218541
-0.246501,1.60275,1.72679,1.45044,0.00207312,0.0221721
-0.405284,1.57013,1.82679,1.55044,-0.000151844,0.0222682
-0.560017,1.52182,1.92679,1.65044,-0.00237522,0.0221417
-0.709153,1.45831,2.0268,1.75044,-0.00457479,0.0217937
-0.851203,1.38022,2.1268,1.85044,-0.00672856,0.0212278
-0.984748,1.28834,2.2268,1.95044,-0.00881499,0.0204496
-1.10845,1.18359,2.32681,2.05044,-0.0108132,0.019467
-1.22108,1.06702,2.42681,2.15044,-0.0127033,0.0182898
-1.32151,0.939777,2.52681,2.25044,-0.0144663,0.0169297
-1.40873,0.803147,2.62681,2.35044,-0.0160847,0.0154003
-1.48187,0.658493,2.72682,2.45044,-0.0175422,0.0137171
-1.54021,0.507259,2.82682,2.55044,-0.0188243,0.0118967
-1.58316,0.350957,2.92682,2.65044,-0.0199182,0.00995741
-1.61029,0.191147,3.02682,2.75044,-0.020813,0.00791861
-1.62133,0.0294285,3.12682,2.85044,-0.0214997,0.00580069
-1.61616,-0.132584,-3.05636,2.95044,-0.0219714,0.00362481
-1.59485,-0.293272,-2.95636,3.05044,-0.0222235,0.00141273
-1.55761,-0.451029,-2.85636,-3.13274,-0.0222535,-0.00081345
-1.5048,-0.60428,-2.75635,-3.03274,-0.0220611,-0.00303147
-1.43695,-0.751492,-2.65635,-2.93274,-0.0216481,-0.00521916
-1.35474,-0.891196,-2.55635,-2.83274,-0.0210188,-0.00735466
-1.259,-1.02199,-2.45635,-2.73274,-0.0201793,-0.00941663
-1.15068,-1.14258,-2.35635,-2.63274,-0.0191382,-0.0113845
-1.03087,-1.25175,-2.25635,-2.53274,-0.0179059,-0.0132385
-0.900747,-1.34841,-2.15635,-2.43274,-0.0164945,-0.0149602
-0.761629,-1.4316,-2.05635,-2.33274,-0.0149184,-0.0165324
-0.6149,-1.50049,-1.95634,-2.23274,-0.0131931,-0.0179393
-0.462028,-1.55438,-1.85634,-2.13274,-0.011336,-0.0191669
-0.304539,-1.59274,-1.75634,-2.03274,-0.00936567,-0.020203
-0.144008,-1.61519,-1.65634,-1.93274,-0.00730171,-0.0210371
0.017963,-1.62149,-1.55634,-1.83274,-0.00516479,-0.021661
0.179754,-1.6116,-1.45634,-1.73274,-0.00297627,-0.0220685
0.339749,-1.5856,-1.35634,-1.63274,-0.000758024,-0.0222553
0.496349,-1.54376,-1.25634,-1.53274,0.00146779,-0.0222198
0.647989,-1.4865,-1.15634,-1.43274,0.00367892,-0.0219622
0.793155,-1.41438,-1.05634,-1.33274,0.00585328,-0.0214852
0.930396,-1.32813,-0.956337,-1.23274,0.00796913,-0.0207934
1.05834,-1.22861,-0.856336,-1.13274,0.0100053,-0.0198939
1.17571,-1.11681,-0.756336,-1.03274,0.0119416,-0.0187955
1.28133,-0.993858,-0.656335,-0.932741,0.0137584,-0.0175094
1.37415,-0.860972,-0.556335,-0.832741,0.0154378,-0.0160483
1.45324,-0.719484,-0.456334,-0.732741,0.0169629,-0.0144268
1.51781,-0.570807,-0.356334,-0.632741,0.0183185,-0.0126611
1.56721,-0.416426,-0.256334,-0.532741,0.0194911,-0.010769
1.60096,-0.257885,-0.156333,-0.432741,0.0204688,-0.0087692
1.6187,-0.0967668,-0.0563329,-0.332741,0.0212421,-0.00668182
1.62028,0.0653181,0.0436675,-0.232741,0.021803,-0.00452767
1.60566,0.22675,0.143668,-0.132741,0.0221461,-0.00232828
1.575,0.385917,0.243668,-0.0327412,0.0222679,-0.000105636
1.52861,0.541227,0.343668,0.0672588,0.0221672,0.00211806
1.46694,0.69113,0.443669,0.167259,0.021845,0.00432059
1.39061,0.834127,0.543669,0.267259,0.0213045,0.00647993
1.30039,0.96879,0.643669,0.367259,0.0205511,0.00857453
1.19718,1.09377,0.743669,0.467259,0.0195924,0.0105834
1.082,1.20783,0.84367,0.567259,0.0184379,0.0124866
0.956012,1.30981,0.94367,0.667259,0.0170992,0.014265
0.820472,1.39871,1.04367,0.767259,0.0155896,0.0159008
0.676735,1.47363,1.14367,0.867259,0.0139242,0.0173778
0.526236,1.53383,1.24367,0.967259,0.0121197,0.0186811
0.370479,1.57871,1.34367,1.06726,0.0101941,0.0197977
0.21102,1.60781,1.44367,1.16726,0.00816668,0.0207166
0.049453,1.62084,1.54367,1.26726,0.00605763,0.0214284
-0.112608,1.61768,1.64367,1.36726,0.00388805,0.0219261
-0.273544,1.59836,1.74367,1.46726,0.00167963,0.0222047
-0.431747,1.56306,1.84367,1.56726,-0.000545571,0.0222615
-0.585637,1.51215,1.94367,1.66726,-0.00276532,0.0220958
-0.733674,1.44613,2.04367,1.76726,-0.00495743,0.0217093
-0.874381,1.36566,2.14367,1.86726,-0.00710001,0.0211059
-1.00635,1.27154,2.24367,1.96726,-0.00917165,0.0202916
-1.12827,1.16472,2.34367,2.06726,-0.0111516,0.0192746
-1.23891,1.04627,2.44367,2.16726,-0.0130202,0.018065
-1.33717,0.917355,2.54367,2.26726,-0.0147587,0.0166749
-1.42207,0.779277,2.64367,2.36726,-0.0163497,0.0151182
-1.49277,0.633414,2.74367,2.46726,-0.0177773,0.0134104
-1.54855,0.481221,2.84367,2.56726,-0.0190273,0.0115686
-1.58885,0.32422,2.94367,2.66726,-0.0200872,0.00961121
-1.61328,0.16398,3.04367,2.76726,-0.0209463,0.0075578
-1.62159,0.00210106,-3.13951,2.86726,-0.0215962,0.00542888
-1.6137,-0.159799,-3.03951,2.96726,-0.0220303,0.00324571
-1.58969,-0.320102,-2.93951,3.06726,-0.0222443,0.00103012
-1.54979,-0.477207,-2.83951,-3.11593,-0.022236,-0.00119577
-1.4944,-0.629543,-2.73951,-3.01593,-0.0220055,-0.00340971
-1.42409,-0.77559,-2.63951,-2.91593,-0.0215552,-0.00558957
-1.33954,-0.913887,-2.53951,-2.81593,-0.0208895,-0.00771359
-1.24162,-1.04305,-2.43951,-2.71593,-0.020015,-0.00976053
-1.13128,-1.1618,-2.33951,-2.61593,-0.0189406,-0.01171
-1.00964,-1.26893,-2.23951,-2.51593,-0.0176769,-0.0135424
-0.877918,-1.36339,-2.13951,-2.41593,-0.0162366,-0.0152395
-0.73742,-1.44422,-2.03951,-2.31593,-0.0146341,-0.0167843
-0.589554,-1.51063,-1.93951,-2.21593,-0.0128853,-0.0181614
-0.435798,-1.56194,-1.83951,-2.11593,-0.0110078,-0.0193571
-0.277687,-1.59764,-1.73951,-2.01593,-0.00902036,-0.0203593
-0.116801,-1.61738,-1.63951,-1.91593,-0.00694275,-0.0211582
0.0452509,-1.62096,-1.53951,-1.81593,-0.00479576,-0.0217456
0.206851,-1.60835,-1.43951,-1.71593,-0.00260086,-0.0221157
0.366385,-1.57966,-1.33951,-1.61593,-0.000379972,-0.0222649
0.522257,-1.53519,-1.23951,-1.51593,0.00184471,-0.0221916
0.672912,-1.47538,-1.13951,-1.41593,0.00405097,-0.0218966
0.816842,-1.40083,-1.03951,-1.31593,0.00621674,-0.0213827
0.952612,-1.31229,-0.939512,-1.21593,0.0083204,-0.0206553
1.07886,-1.21063,-0.839512,-1.11593,0.0103409,-0.0197214
1.19433,-1.09687,-0.739512,-1.01593,0.0122581,-0.0185905
1.29787,-0.97216,-0.639512,-0.915927,0.0140528,-0.0172739
1.38844,-0.837732,-0.539512,-0.815927,0.0157072,-0.0157846
1.46514,-0.694934,-0.439512,-0.715927,0.0172045,-0.0141377
1.5272,-0.545192,-0.339512,-0.615927,0.01853,-0.0123495
1.574,-0.390003,-0.239512,-0.515927,0.0196703,-0.0104378
1.60507,-0.230917,-0.139512,-0.415927,0.0206141,-0.00842194
1.6201,-0.0695243,-0.0395118,-0.315927,0.0213519,-0.00632189
1.61895,0.0925635,0.0604882,-0.215927,0.0218764,-0.00415867
1.60162,0.253726,0.160488,-0.115927,0.0221822,-0.0019539
1.56829,0.412354,0.260488,-0.0159265,0.0222665,0.000270392
1.51929,0.566862,0.360488,0.0840735,0.0221282,0.00249198
1.45511,0.715706,0.460488,0.184073,0.0217689,0.00468868
1.37639,0.857398,0.560488,0.284073,0.0211921,0.00683852
1.28391,0.990524,0.660488,0.384073,0.0204035,0.00892003
1.17861,1.11375,0.760488,0.484073,0.019411,0.0109124
1.06153,1.22585,0.860488,0.584073,0.0182246,0.0127958
0.933848,1.32571,0.960488,0.684073,0.0168561,0.0145513
0.796833,1.41231,1.06049,0.784073,0.0153192,0.0161614
0.651856,1.48481,1.16049,0.884073,0.0136292,0.01761
0.500366,1.54247,1.26049,0.984073,0.0118031,0.0188827
0.343877,1.58471,1.36049,1.08407,0.00985899,0.0199667
0.183951,1.61113,1.46049,1.18407,0.00781639,0.0208512
0.0221882,1.62144,1.56049,1.28407,0.00569569,0.0215274
-0.139797,1.61556,1.66049,1.38407,0.00351808,0.0219885
-0.300385,1.59353,1.76049,1.48407,0.00130532,0.0222298
-0.457972,1.55558,1.86049,1.58407,-0.000920481,0.0222491
-0.610983,1.50209,1.96049,1.68407,-0.00313709,0.022046
-0.757889,1.43359,2.06049,1.78407,-0.00532235,0.0216227
-0.897223,1.35076,2.16049,1.88407,-0.00745443,0.0209833
-1.02759,1.25444,2.26049,1.98407,-0.00951203,0.0201343
-1.14769,1.14559,2.36049,2.08407,-0.0114746,0.0190841
-1.25633,1.02529,2.46049,2.18407,-0.0133225,0.0178432
-1.35241,0.89474,2.56049,2.28407,-0.0150373,0.016424
-1.43498,0.755254,2.66049,2.38407,-0.0166018,0.0148408
-1.50321,0.608222,2.76049,2.48407,-0.0180005,0.0131092
-1.55642,0.455113,2.86049,2.58407,-0.0192193,0.0112467
-1.59408,0.297457,2.96049,2.68407,-0.0202461,0.00927175
-1.61581,0.136829,3.06049,2.78407,-0.0210706,0.00720419
-1.6214,-0.0251668,-3.1227,2.88407,-0.0216845,0.00506466
-1.61079,-0.186911,-3.0227,2.98407,-0.0220818,0.00287451
-1.58408,-0.346787,-2.9227,3.08407,-0.0222585,0.000655649
-1.54154,-0.503199,-2.8227,-3.09911,-0.0222127,-0.00156977
-1.48361,-0.654583,-2.7227,-2.99911,-0.021945,-0.0037795
-1.41085,-0.799426,-2.6227,-2.89911,-0.0214581,-0.00595146
-1.32399,-0.936282,-2.5227,-2.79911,-0.0207567,-0.00806397
-1.2239,-1.06378,-2.4227,-2.69911,-0.019848,-0.0100959
-1.11159,-1.18065,-2.3227,-2.59911,-0.0187409,-0.0120269
-0.988164,-1.28573,-2.2227,-2.49911,-0.0174466,-0.0138378
-0.854868,-1.37796,-2.1227,-2.39911,-0.015978,-0.0155105
-0.713031,-1.45642,-2.0227,-2.29911,-0.0143497,-0.0170281
-0.56407,-1.52033,-1.9227,-2.19911,-0.012578,-0.0183756
-0.409473,-1.56904,-1.8227,-2.09911,-0.0106807,-0.0195395
-0.250784,-1.60208,-1.7227,-1.99911,-0.00867661,-0.0205082
-0.0895895,-1.61912,-1.6227,-1.89911,-0.00658586,-0.0212719
0.0725001,-1.61997,-1.5227,-1.79911,-0.00442931,-0.0218232
0.233865,-1.60464,-1.4227,-1.69911,-0.0022285,-0.0221563
0.392894,-1.57328,-1.3227,-1.59911,-5.42614e-06,-0.0222681
0.547997,-1.52619,-1.2227,-1.49911,0.0022177,-0.0221574
0.697624,-1.46386,-1.1227,-1.39911,0.00441868,-0.0218253
0.840281,-1.3869,-1.0227,-1.29911,0.0065755,-0.0212752
0.974542,-1.29608,-0.922697,-1.19911,0.00866662,-0.0205124
1.09907,-1.19232,-0.822697,-1.09911,0.0106711,-0.0195447
1.21261,-1.07664,-0.722697,-0.999112,0.0125691,-0.0183817
1.31404,-0.9502,-0.622697,-0.899112,0.0143414,-0.0170351
1.40233,-0.814268,-0.522697,-0.799112,0.0159704,-0.0155182
1.47662,-0.670201,-0.422697,-0.699112,0.0174398,-0.0138463
1.53615,-0.519437,-0.322697,-0.599112,0.018735,-0.0120361
1.58033,-0.363483,-0.222697,-0.499112,0.0198431,-0.0101056
1.60872,-0.203897,-0.122697,-0.399112,0.0207528,-0.00807408
1.62104,-0.0422738,-0.0226969,-0.299112,0.0214552,-0.00596192
1.61716,0.119772,0.0773031,-0.199112,0.0219432,-0.00379019
1.59713,0.28062,0.177303,-0.0991118,0.022212,-0.00158059
1.56113,0.438665,0.277303,0.000888157,0.0222588,0.000644797
1.50954,0.592327,0.377303,0.100888,0.0220832,0.00286375
1.44287,0.740071,0.477303,0.200888,0.021687,0.00505408
1.36177,0.88042,0.577303,0.300888,0.0210741,0.00719392
1.26708,1.01197,0.677303,0.400888,0.0202506,0.00926188
1.15972,1.13341,0.777303,0.500888,0.0192248,0.0112373
1.04077,1.24353,0.877303,0.600888,0.0180069,0.0131004
0.911425,1.34122,0.977303,0.700888,0.0166091,0.0148327
0.772974,1.42551,1.0773,0.800888,0.0150453,0.0164167
0.626798,1.49556,1.1773,0.900888,0.0133312,0.0178367
0.47436,1.55066,1.2773,1.00089,0.0114839,0.0190785
0.317183,1.59027,1.3773,1.10089,0.00952185,0.0201297
0.156836,1.61399,1.4773,1.20089,0.00746467,0.0209797
-0.00507793,1.62159,1.5773,1.30089,0.0053329,0.0216201
-0.166941,1.61298,1.6773,1.40089,0.00314785,0.0220445
-0.327136,1.58825,1.7773,1.50089,0.000931341,0.0222486
-0.484063,1.54766,1.8773,1.60089,-0.00129447,0.0222305
-0.636153,1.4916,1.9773,1.70089,-0.00350735,0.0219902
-0.781886,1.42064,2.0773,1.80089,-0.00568518,0.0215302
-0.919807,1.33549,2.1773,1.90089,-0.00780621,0.020855
-1.04854,1.23699,2.2773,2.00089,-0.00984924,0.0199715
-1.16679,1.12613,2.3773,2.10089,-0.0117939,0.0188885
-1.27339,1.00402,2.4773,2.20089,-0.0136206,0.0176167
-1.36726,0.871874,2.5773,2.30089,-0.0153113,0.0161689
-1.44747,0.73102,2.6773,2.40089,-0.016849,0.0145595
-1.51322,0.582862,2.7773,2.50089,-0.0182184,0.0128047
-1.56385,0.42888,2.8773,2.60089,-0.0194057,0.0109219
-1.59885,0.270612,2.9773,2.70089,-0.0203991,0.00893001
-1.61788,0.109641,3.0773,2.80089,-0.0211887,0.00684889
-1.62075,-0.0524253,-3.10588,2.90089,-0.0217666,0.00469933
-1.60742,-0.213968,-3.00588,3.00089,-0.022127,0.00250281
-1.57802,-0.373373,-2.90588,3.10089,-0.0222663,0.000281294
-1.53287,-0.529047,-2.80588,-3.0823,-0.0221832,-0.00194304
-1.47239,-0.679435,-2.70588,-2.9823,-0.0218784,-0.00414795
-1.3972,-0.823035,-2.60588,-2.8823,-0.021355,-0.00631143
-1.30806,-0.958411,-2.50588,-2.7823,-0.0206182,-0.00841184
-1.20584,-1.08421,-2.40588,-2.6823,-0.0196754,-0.0104282
-1.09158,-1.19918,-2.30588,-2.5823,-0.018536,-0.0123404
-0.966406,-1.30216,-2.20588,-2.4823,-0.0172115,-0.0141292
-0.831579,-1.39214,-2.10588,-2.3823,-0.0157149,-0.0157769
-0.688443,-1.4682,-2.00588,-2.2823,-0.0140613,-0.017267
-0.538428,-1.5296,-1.90588,-2.1823,-0.0122673,-0.0185845
-0.383033,-1.57571,-1.80588,-2.0823,-0.0103506,-0.0197163
-0.223811,-1.60607,-1.70588,-1.9823,-0.00833056,-0.0206512
-0.0623531,-1.62039,-1.60588,-1.8823,-0.00622726,-0.0213797
0.099728,-1.61852,-1.50588,-1.7823,-0.00406175,-0.0218946
0.260813,-1.60048,-1.40588,-1.6823,-0.00185565,-0.0221907
0.419291,-1.56645,-1.30588,-1.5823,0.000368993,-0.0222651
0.573581,-1.51676,-1.20588,-1.4823,0.00258995,-0.022117
0.722139,-1.45192,-1.10588,-1.3823,0.00478502,-0.0217479
0.863482,-1.37258,-1.00588,-1.2823,0.00693229,-0.0211616
0.996197,-1.27952,-0.905882,-1.1823,0.00901029,-0.0203638
1.11896,-1.17367,-0.805882,-1.0823,0.0109983,-0.0193625
1.23054,-1.0561,-0.705882,-0.982297,0.0128763,-0.0181678
1.32983,-0.927971,-0.605882,-0.882297,0.0146258,-0.0167915
1.41582,-0.790574,-0.505882,-0.782297,0.0162291,-0.0152475
1.48768,-0.645278,-0.405882,-0.682297,0.0176702,-0.0135511
1.54467,-0.493535,-0.305882,-0.582297,0.0189348,-0.0117194
1.58622,-0.33686,-0.205882,-0.482297,0.0200102,-0.0097705
1.61193,-0.176819,-0.105882,-0.382297,0.0208856,-0.007724
1.62152,-0.0150117,-0.00588216,-0.282297,0.0215524,-0.00560033
1.61492,0.146946,0.0941178,-0.182297,0.0220038,-0.00342071
1.59218,0.307435,0.194118,-0.0822972,0.0222354,-0.0012069
1.55354,0.464852,0.294118,0.0177028,0.0222448,0.00101897
1.49937,0.617625,0.394118,0.117703,0.0220319,0.00323465
1.43022,0.764226,0.494118,0.217703,0.0215989,0.00541801
1.34678,0.903192,0.594118,0.317703,0.0209501,0.00754724
1.24988,1.03313,0.694118,0.417703,0.020092,0.00960106
1.1405,1.15275,0.794118,0.517703,0.0190331,0.011559
1.01972,1.26085,0.894118,0.617703,0.0177841,0.0134013
0.888745,1.35636,0.994118,0.717703,0.0163573,0.0151098
0.748896,1.43831,1.09412,0.817703,0.0147671,0.0166674
0.601564,1.50588,1.19412,0.917703,0.0130294,0.0180583
0.448221,1.55842,1.29412,1.0177,0.0111615,0.0192689
0.290399,1.59538,1.39412,1.1177,0.00918204,0.0202869
0.129676,1.6164,1.49412,1.2177,0.00711086,0.0211023
-0.0323424,1.62127,1.59412,1.3177,0.00496862,0.0217067
-0.194038,1.60994,1.69412,1.4177,0.00277675,0.0220943
-0.353795,1.58253,1.79412,1.5177,0.000557122,0.0222612
-0.510016,1.5393,1.89412,1.6177,-0.00166807,0.0222056
-0.661142,1.4807,1.99412,1.7177,-0.00387659,0.0219281
-0.805662,1.40729,2.09412,1.8177,-0.00604638,0.0214315
-0.942132,1.31983,2.19412,1.9177,-0.00815576,0.0207208
-1.06919,1.21918,2.29412,2.0177,-0.0101836,0.0198031
-1.18556,1.10635,2.39412,2.1177,-0.0121098,0.0186875
-1.29009,0.982464,2.49412,2.2177,-0.0139149,0.0173852
-1.38173,0.848762,2.59412,2.3177,-0.015581,0.0159091
-1.45956,0.706579,2.69412,2.4177,-0.0170914,0.0142742
-1.52281,0.557336,2.79412,2.5177,-0.0184311,0.0124966
-1.57084,0.402524,2.89412,2.6177,-0.0195866,0.0105941
-1.60318,0.243691,2.99412,2.7177,-0.0205464,0.00858576
-1.6195,0.0824228,3.09412,2.8177,-0.0213009,0.00649165
-1.61964,-0.079669,-3.08907,2.9177,-0.0218426,0.00433268
-1.60359,-0.240965,-2.98907,3.0177,-0.022166,0.00213042
-1.57152,-0.399853,-2.88907,3.1177,-0.0222679,-9.31308e-05
-1.52375,-0.554746,-2.78907,-3.06548,-0.0221474,-0.00231575
-1.46076,-0.704096,-2.68907,-2.96548,-0.0218055,-0.00451523
-1.38317,-0.846411,-2.58907,-2.86548,-0.0212458,-0.00666959
-1.29176,-0.980269,-2.48907,-2.76548,-0.0204739,-0.00875732
-1.18744,-1.10433,-2.38907,-2.66548,-0.0194973,-0.0107575
-1.07126,-1.21736,-2.28907,-2.56548,-0.0183259,-0.0126503
-0.944375,-1.31823,-2.18907,-2.46548,-0.0169715,-0.0144166
-0.808054,-1.40592,-2.08907,-2.36548,-0.0154474,-0.0160389
-0.663659,-1.47957,-1.98907,-2.26548,-0.013769,-0.017501
-0.512633,-1.53843,-1.88907,-2.16548,-0.011953,-0.0187881
-0.356485,-1.58192,-1.78907,-2.06548,-0.0100176,-0.0198876
-0.196775,-1.60961,-1.68907,-1.96548,-0.00798215,-0.0207883
-0.0350991,-1.62121,-1.58907,-1.86548,-0.00586691,-0.0214814
0.126928,-1.61662,-1.48907,-1.76548,-0.00369304,-0.0219598
0.287686,-1.59587,-1.38907,-1.66548,-0.00148227,-0.0222187
0.44557,-1.55918,-1.28907,-1.56548,0.000743304,-0.0222557
0.599002,-1.50691,-1.18907,-1.46548,0.00296145,-0.0220703
0.746449,-1.43958,-1.08907,-1.36548,0.00515002,-0.0216644
0.886438,-1.35786,-0.989067,-1.26548,0.00728712,-0.021042
1.01757,-1.26258,-0.889067,-1.16548,0.00935141,-0.0202094
1.13853,-1.15469,-0.789067,-1.06548,0.0113223,-0.0191749
1.24812,-1.03526,-0.689067,-0.965482,0.01318,-0.0179487
1.34524,-0.905481,-0.589067,-0.865482,0.014906,-0.0165433
1.42892,-0.766657,-0.489067,-0.765482,0.0164831,-0.0149725
1.49832,-0.620173,-0.389067,-0.665482,0.0178955,-0.0132521
1.55275,-0.467493,-0.289067,-0.565482,0.0191291,-0.0113993
1.59166,-0.310142,-0.189067,-0.465482,0.0201716,-0.00943267
1.61467,-0.149691,-0.0890675,-0.365482,0.0210125,-0.00737174
1.62155,0.0122545,0.0109325,-0.265482,0.0216435,-0.00523716
1.61222,0.174078,0.110933,-0.165482,0.0220582,-0.00305025
1.58679,0.334162,0.210933,-0.0654825,0.0222525,-0.000832865
1.5455,0.490907,0.310933,0.0345175,0.0222245,0.00139284
1.48877,0.642748,0.410933,0.134518,0.0219744,0.00360463
1.41717,0.788166,0.510933,0.234518,0.0215048,0.00578041
1.3314,0.925709,0.610933,0.334518,0.0208203,0.00789843
1.23233,1.054,0.710933,0.434518,0.0199277,0.00993753
1.12095,1.17177,0.810933,0.534518,0.0188361,0.0118773
0.998371,1.27782,0.910933,0.634518,0.0175562,0.0136985
0.865814,1.37111,1.01093,0.734518,0.016101,0.0153827
0.724606,1.45069,1.11093,0.834518,0.0144848,0.0169133
0.576159,1.51579,1.21093,0.934518,0.0127239,0.0182749
0.421954,1.56573,1.31093,1.03452,0.0108359,0.0194538
0.263534,1.60004,1.41093,1.13452,0.00883964,0.0204384
0.10248,1.61835,1.51093,1.23452,0.00675504,0.0212188
-0.0595977,1.6205,1.61093,1.33452,0.00460295,0.0217872
-0.22108,1.60645,1.71093,1.43452,0.00240486,0.0221379
-0.380353,1.57636,1.81093,1.53452,0.000182746,0.0222674
-0.535826,1.53051,1.91093,1.63452,-0.00204119,0.0221744
-0.685945,1.46937,2.01093,1.73452,-0.00424474,0.0218598
-0.82921,1.39355,2.11093,1.83452,-0.00640587,0.0213268
-0.96419,1.3038,2.21093,1.93452,-0.008503,0.0205808
-1.08954,1.20103,2.31093,2.03452,-0.0105152,0.0196291
-1.204,1.08626,2.41093,2.13452,-0.0124223,0.0184812
-1.30643,0.960634,2.51093,2.23452,-0.0142053,0.0171488
-1.3958,0.825409,2.61093,2.33452,-0.0158463,0.0156449
-1.47123,0.681938,2.71093,2.43452,-0.017329,0.0139848
-1.53196,0.531653,2.81093,2.53452,-0.0186386,0.0121849
-1.57739,0.376056,2.91093,2.63452,-0.019762,0.0102633
-1.60705,0.216701,3.01093,2.73452,-0.0206878,0.00823908
-1.62066,0.0551811,3.11093,2.83452,-0.021407,0.00613258
-1.61807,-0.10689,-3.07225,2.93452,-0.0219123,0.00396481
-1.59931,-0.267893,-2.97225,3.03452,-0.0221987,0.00175742
-1.56458,-0.42622,-2.87225,3.13452,-0.0222632,-0.000467528
-1.51421,-0.580288,-2.77225,-3.04867,-0.0221053,-0.00268781
-1.44871,-0.728557,-2.67225,-2.94867,-0.0217265,-0.00488123
-1.36874,-0.869548,-2.57225,-2.84867,-0.0211307,-0.00702588
-1.27509,-1.00185,-2.47225,-2.74867,-0.0203237,-0.00910033
-1.16871,-1.12414,-2.37225,-2.64867,-0.0193137,-0.0110838
-1.05064,-1.2352,-2.27225,-2.54867,-0.0181106,-0.0129566
-0.922077,-1.33392,-2.17225,-2.44867,-0.0167267,-0.0146999
-0.784301,-1.41931,-2.07225,-2.34867,-0.0151755,-0.0162964
-0.638688,-1.49052,-1.97225,-2.24867,-0.0134728,-0.01773
-0.486694,-1.54683,-1.87225,-2.14867,-0.0116355,-0.0189865
-0.329836,-1.5877,-1.77225,-2.04867,-0.00968184,-0.0200532
-0.169683,-1.61269,-1.67225,-1.94867,-0.00763149,-0.0209196
-0.00783521,-1.62158,-1.57225,-1.84867,-0.00550489,-0.021577
0.154091,-1.61426,-1.47225,-1.74867,-0.00332329,-0.0220187
0.314478,-1.59081,-1.37225,-1.64867,-0.00110848,-0.0222405
0.471723,-1.55147,-1.27225,-1.54867,0.0011174,-0.0222401
0.624254,-1.49662,-1.17225,-1.44867,0.00333212,-0.0220174
0.770549,-1.42682,-1.07225,-1.34867,0.00551355,-0.0215748
0.909144,-1.34277,-0.972253,-1.24867,0.00763989,-0.0209165
1.03865,-1.2453,-0.872253,-1.14867,0.00968989,-0.0200493
1.15779,-1.13538,-0.772253,-1.04867,0.0116431,-0.0189818
1.26535,-1.01412,-0.672253,-0.948668,0.0134799,-0.0177246
1.36028,-0.882734,-0.572253,-0.848668,0.0151821,-0.0162903
1.44161,-0.742523,-0.472253,-0.748668,0.0167326,-0.0146932
1.50853,-0.594893,-0.372253,-0.648668,0.0181158,-0.0129494
1.56039,-0.441319,-0.272253,-0.548668,0.0193181,-0.0110761
1.59665,-0.283336,-0.172253,-0.448668,0.0203274,-0.00909217
1.61696,-0.122521,-0.0722528,-0.348668,0.0211335,-0.0070174
1.62111,0.0395174,0.0277472,-0.248668,0.0217285,-0.00487251
1.60907,0.201161,0.127747,-0.148668,0.0221064,-0.00267894
1.58095,0.360795,0.227747,-0.0486678,0.0222634,-0.000458595
1.53703,0.516824,0.327747,0.0513322,0.022198,0.00176633
1.47775,0.667689,0.427747,0.151332,0.0219107,0.0039736
1.40371,0.811883,0.527747,0.251332,0.0214046,0.00614117
1.31565,0.947964,0.627747,0.351332,0.0206845,0.00824738
1.21444,1.07457,0.727747,0.451332,0.0197578,0.0102712
1.10109,1.19045,0.827747,0.551332,0.0186337,0.0121924
0.976745,1.29443,0.927747,0.651332,0.0173234,0.0139917
0.842638,1.38547,1.02775,0.751332,0.01584,0.0156513
0.700112,1.46267,1.12775,0.851332,0.0141984,0.0171545
0.550591,1.52526,1.22775,0.951332,0.0124149,0.0184862
0.395568,1.57261,1.32775,1.05133,0.0105073,0.0196333
0.236594,1.60424,1.42775,1.15133,0.00849474,0.0205842
0.0752546,1.61985,1.52775,1.25133,0.00639732,0.0213294
-0.0868362,1.61927,1.62775,1.35133,0.00423597,0.0218615
-0.248059,1.60251,1.72775,1.45133,0.0020323,0.0221752
-0.406804,1.56974,1.82775,1.55133,-0.000191681,0.0222673
-0.561484,1.52128,1.92775,1.65133,-0.00241374,0.0221369
-0.710554,1.45763,2.02775,1.75133,-0.00461169,0.0217854
-0.852524,1.37941,2.12775,1.85133,-0.00676356,0.0212161
-0.985976,1.28741,2.22775,1.95133,-0.00884784,0.0204349
-1.10958,1.18254,2.32775,2.05133,-0.0108437,0.0194495
-1.22209,1.06586,2.42775,2.15133,-0.0127313,0.0182698
-1.32239,0.938532,2.52775,2.25133,-0.0144916,0.0169075
-1.40948,0.801824,2.62775,2.35133,-0.0161071,0.0153763
-1.48249,0.657104,2.72775,2.45133,-0.0175617,0.0136914
-1.54069,0.505819,2.82775,2.55133,-0.0188409,0.0118698
-1.58349,0.34948,2.92775,2.65133,-0.0199317,0.00992953
-1.61047,0.18965,3.02775,2.75133,-0.0208234,0.00789007
-1.62135,0.0279238,3.12775,2.85133,-0.0215071,0.00577178
-1.61604,-0.134081,-3.05544,2.95133,-0.0219759,0.00359582
-1.59458,-0.294746,-2.95544,3.05133,-0.0222251,0.00138393
-1.55719,-0.452466,-2.85544,-3.13185,-0.0222522,-0.000841794
-1.50424,-0.605665,-2.75544,-3.03185,-0.022057,-0.0030591
-1.43626,-0.752813,-2.65544,-2.93185,-0.0216414,-0.00524584
-1.35393,-0.892439,-2.55544,-2.83185,-0.0210096,-0.00738017
-1.25807,-1.02315,-2.45544,-2.73185,-0.0201678,-0.00944076
-1.14964,-1.14363,-2.35544,-2.63185,-0.0191246,-0.011407
-1.02972,-1.25269,-2.25544,-2.53185,-0.0178902,-0.0132593
-0.899518,-1.34923,-2.15544,-2.43185,-0.0164771,-0.0149791
-0.760326,-1.4323,-2.05544,-2.33185,-0.0148994,-0.0165492
-0.613536,-1.50105,-1.95544,-2.23185,-0.0131728,-0.017954
-0.460616,-1.5548,-1.85544,-2.13185,-0.0113146,-0.0191794
-0.303094,-1.59302,-1.75544,-2.03185,-0.0093433,-0.0202132
-0.142544,-1.61532,-1.65544,-1.93185,-0.00727867,-0.021045
0.0194309,-1.62148,-1.55544,-1.83185,-0.00514132,-0.0216665
0.181211,-1.61144,-1.45544,-1.73185,-0.0029526,-0.0220715
0.341181,-1.5853,-1.35544,-1.63185,-0.000734374,-0.022256
0.497742,-1.54331,-1.25544,-1.53185,0.00149119,-0.0222181
0.64933,-1.48591,-1.15544,-1.43185,0.00370185,-0.0219583
0.79443,-1.41366,-1.05544,-1.33185,0.00587553,-0.021479
0.931592,-1.32729,-0.955438,-1.23185,0.0079905,-0.0207851
1.05945,-1.22766,-0.855438,-1.13185,0.0100256,-0.0198836
1.17671,-1.11576,-0.755438,-1.03185,0.0119606,-0.0187833
1.28223,-0.992706,-0.655438,-0.931853,0.013776,-0.0174954
1.37493,-0.859738,-0.555438,-0.831853,0.0154538,-0.0160327
1.45389,-0.718179,-0.455438,-0.731853,0.0169772,-0.0144098
1.51832,-0.569445,-0.355438,-0.631853,0.018331,-0.0126429
1.56759,-0.415021,-0.255438,-0.531853,0.0195016,-0.0107497
1.60119,-0.25645,-0.155438,-0.431853,0.0204774,-0.0087491
1.61879,-0.0953166,-0.0554381,-0.331853,0.0212485,-0.00666107
1.62022,0.066769,0.0445619,-0.231853,0.0218074,-0.00450648
1.60546,0.228187,0.144562,-0.131853,0.0221483,-0.00230686
1.57466,0.387326,0.244562,-0.0318531,0.022268,-8.41958e-05
1.52812,0.542594,0.344562,0.0681469,0.0221651,0.00213931
1.46632,0.692441,0.444562,0.168147,0.0218408,0.00434144
1.38987,0.83537,0.544562,0.268147,0.0212983,0.0065002
1.29952,0.969951,0.644562,0.368147,0.0205429,0.008594
1.1962,1.09484,0.744562,0.468147,0.0195823,0.0106019
1.08092,1.20879,0.844562,0.568147,0.0184261,0.0125039
0.954842,1.31067,0.944562,0.668147,0.0170857,0.014281
0.819224,1.39944,1.04456,0.768147,0.0155746,0.0159154
0.67542,1.47424,1.14456,0.868147,0.0139079,0.0173908
0.524868,1.5343,1.24456,0.968147,0.0121023,0.0186924
0.369071,1.57904,1.34456,1.06815,0.0101757,0.0198072
0.209587,1.60799,1.44456,1.16815,0.00814744,0.0207241
0.048008,1.62088,1.54456,1.26815,0.00603778,0.021434
-0.11405,1.61758,1.64456,1.36815,0.00386779,0.0219296
-0.274969,1.59811,1.74456,1.46815,0.00165916,0.0222062
-0.43314,1.56268,1.84456,1.56815,-0.000566054,0.0222609
-0.586983,1.51163,1.94456,1.66815,-0.00278561,0.0220932
-0.734962,1.44548,2.04456,1.76815,-0.00497733,0.0217047
-0.875597,1.36488,2.14456,1.86815,-0.00711933,0.0210994
-1.00748,1.27065,2.24456,1.96815,-0.00919018,0.0202832
-1.1293,1.16372,2.34456,2.06815,-0.0111692,0.0192644
-1.23984,1.04516,2.44456,2.16815,-0.0130366,0.0180531
-1.33799,0.916164,2.54456,2.26815,-0.0147738,0.0166614
-1.42277,0.778012,2.64456,2.36815,-0.0163634,0.0151033
-1.49333,0.632085,2.74456,2.46815,-0.0177894,0.0133942
-1.54897,0.479843,2.84456,2.56815,-0.0190378,0.0115513
-1.58914,0.322806,2.94456,2.66815,-0.0200959,0.009593
-1.61343,0.162545,3.04456,2.76815,-0.0209532,0.00753884
-1.62159,0.000658533,-3.13862,2.86815,-0.0216011,0.00540935
-1.61356,-0.161234,-3.03862,2.96815,-0.0220332,0.00322581
-1.5894,-0.321516,-2.93862,3.06815,-0.0222452,0.00101004
-1.54936,-0.478585,-2.83862,-3.11504,-0.0222349,-0.00121582
-1.49384,-0.630872,-2.73862,-3.01504,-0.0220024,-0.00342953
-1.4234,-0.776856,-2.63862,-2.91504,-0.0215501,-0.00560898
-1.33873,-0.915077,-2.53862,-2.81504,-0.0208825,-0.00773238
-1.24069,-1.04416,-2.43862,-2.71504,-0.0200062,-0.00977853
-1.13025,-1.1628,-2.33862,-2.61504,-0.0189301,-0.011727
-1.00851,-1.26983,-2.23862,-2.51504,-0.0176648,-0.0135582
-0.876705,-1.36417,-2.13862,-2.41504,-0.0162229,-0.015254
-0.736136,-1.44488,-2.03862,-2.31504,-0.014619,-0.0167974
-0.588211,-1.51115,-1.93862,-2.21504,-0.0128691,-0.018173
-0.434409,-1.56232,-1.83862,-2.11504,-0.0109905,-0.0193669
-0.276267,-1.59789,-1.73862,-2.01504,-0.00900212,-0.0203674
-0.115364,-1.61749,-1.63862,-1.91504,-0.0069238,-0.0211644
0.0466915,-1.62092,-1.53862,-1.81504,-0.0047763,-0.0217499
0.20828,-1.60816,-1.43862,-1.71504,-0.00258107,-0.022118
0.367788,-1.57934,-1.33862,-1.61504,-0.00036006,-0.0222652
0.523621,-1.53473,-1.23862,-1.51504,0.00186455,-0.0221899
0.674222,-1.47479,-1.13862,-1.41504,0.00407053,-0.0218929
0.818087,-1.40011,-1.03862,-1.31504,0.00623584,-0.0213772
0.953777,-1.31144,-0.938623,-1.21504,0.00833884,-0.0206478
1.07994,-1.20967,-0.838623,-1.11504,0.0103585,-0.0197122
1.19531,-1.09581,-0.738623,-1.01504,0.0122747,-0.0185796
1.29874,-0.971006,-0.638623,-0.915038,0.0140683,-0.0172613
1.38919,-0.836498,-0.538623,-0.815038,0.0157212,-0.0157706
1.46576,-0.693632,-0.438623,-0.715038,0.0172171,-0.0141223
1.52768,-0.543835,-0.338623,-0.615038,0.018541,-0.0123329
1.57434,-0.388605,-0.238623,-0.515038,0.0196796,-0.0104203
1.60527,-0.229491,-0.138623,-0.415038,0.0206216,-0.00840356
1.62016,-0.0680849,-0.0386234,-0.315038,0.0213575,-0.00630286
1.61887,0.0940018,0.0613766,-0.215038,0.02188,-0.00413918
1.6014,0.255149,0.161377,-0.115038,0.022184,-0.00193414
1.56792,0.413747,0.261377,-0.0150384,0.0222662,0.000290227
1.51878,0.568211,0.361377,0.0849616,0.022126,0.00251169
1.45447,0.716998,0.461377,0.184962,0.0217647,0.00470806
1.37562,0.858621,0.561377,0.284962,0.021186,0.00685739
1.28303,0.991664,-nan,0.384962,-nan,-nan
-nan,-nan,-nan,0.484962,-nan,-nan
-nan,-nan,-nan,0.584962,-nan,-nan
-nan,-nan,-nan,0.684962,-nan,-nan
-nan,-nan,-nan,0.784962,-nan,-nan
-nan,-nan,-nan,0.884962,-nan,-nan
-nan,-nan,-nan,0.984962,-nan,-nan
-nan,-nan,-nan,1.08496,-nan,-nan
-nan,-nan,-nan,1.18496,-nan,-nan
-nan,-nan,-nan,1.28496,-nan,-nan
-nan,-nan,-nan,1.38496,-nan,-nan
-nan,-nan,-nan,1.48496,-nan,-nan
-nan,-nan,-nan,1.58496,-nan,-nan
-nan,-nan,-nan,1.68496,-nan,-nan
-nan,-nan,-nan,1.78496,-nan,-nan
-nan,-nan,-nan,1.88496,-nan,-nan
-nan,-nan,-nan,1.98496,-nan,-nan
-nan,-nan,-nan,2.08496,-nan,-nan
-nan,-nan,-nan,2.18496,-nan,-nan
-nan,-nan,-nan,2.28496,-nan,-nan
-nan,-nan,-nan,2.38496,-nan,-nan
-nan,-nan,-nan,2.48496,-nan,-nan
-nan,-nan,-nan,2.58496,-nan,-nan
-nan,-nan,-nan,2.68496,-nan,-nan
-nan,-nan,-nan,2.78496,-nan,-nan
-nan,-nan,-nan,2.88496,-nan,-nan
-nan,-nan,-nan,2.98496,-nan,-nan
-nan,-nan,-nan,3.08496,-nan,-nan
-nan,-nan,-nan,-3.09822,-nan,-nan
-nan,-nan,-nan,-2.99822,-nan,-nan
-nan,-nan,-nan,-2.89822,-nan,-nan
-nan,-nan,-nan,-2.79822,-nan,-nan
-nan,-nan,-nan,-2.69822,-nan,-nan
-nan,-nan,-nan,-2.59822,-nan,-nan
-nan,-nan,-nan,-2.49822,-nan,-nan
-nan,-nan,-nan,-2.39822,-nan,-nan
-nan,-nan,-nan,-2.29822,-nan,-nan
-nan,-nan,-nan,-2.19822,-nan,-nan
-nan,-nan,-nan,-2.09822,-nan,-nan
-nan,-nan,-nan,-1.99822,-nan,-nan
-nan,-nan,-nan,-1.89822,-nan,-nan
-nan,-nan,-nan,-1.79822,-nan,-nan
-nan,-nan,-nan,-1.69822,-nan,-nan
-nan,-nan,-nan,-1.59822,-nan,-nan
-nan,-nan,-nan,-1.49822,-nan,-nan
-nan,-nan,-nan,-1.39822,-nan,-nan
-nan,-nan,-nan,-1.29822,-nan,-nan
-nan,-nan,-nan,-1.19822,-nan,-nan
-nan,-nan,-nan,-1.09822,-nan,-nan
-nan,-nan,-nan,-0.998224,-nan,-nan
-nan,-nan,-nan,-0.898224,-nan,-nan
-nan,-nan,-nan,-0.798224,-nan,-nan
-nan,-nan,-nan,-0.698224,-nan,-nan
-nan,-nan,-nan,-0.598224,-nan,-nan
-nan,-nan,-nan,-0.498224,-nan,-nan
-nan,-nan,-nan,-0.398224,-nan,-nan
-nan,-nan,-nan,-0.298224,-nan,-nan
-nan,-nan,-nan,-0.198224,-nan,-nan
-nan,-nan,-nan,-0.0982237,-nan,-nan
-nan,-nan,-nan,0.00177631,-nan,-nan
-nan,-nan,-nan,0.101776,-nan,-nan
-nan,-nan,-nan,0.201776,-nan,-nan
-nan,-nan,-nan,0.301776,-nan,-nan
-nan,-nan,-nan,0.401776,-nan,-nan
-nan,-nan,-nan,0.501776,-nan,-nan
-nan,-nan,-nan,0.601776,-nan,-nan
-nan,-nan,-nan,0.701776,-nan,-nan
-nan,-nan,-nan,0.801776,-nan,-nan
-nan,-nan,-nan,0.901776,-nan,-nan
-nan,-nan,-nan,1.00178,-nan,-nan
-nan,-nan,-nan,1.10178,-nan,-nan
-nan,-nan,-nan,1.20178,-nan,-nan
-nan,-nan,-nan,1.30178,-nan,-nan
-nan,-nan,-nan,1.40178,-nan,-nan
-nan,-nan,-nan,1.50178,-nan,-nan
-nan,-nan,-nan,1.60178,-nan,-nan
-nan,-nan,-nan,1.70178,-nan,-nan
-nan,-nan,-nan,1.80178,-nan,-nan
-nan,-nan,-nan,1.90178,-nan,-nan
-nan,-nan,-nan,2.00178,-nan,-nan
-nan,-nan,-nan,2.10178,-nan,-nan
-nan,-nan,-nan,2.20178,-nan,-nan
-nan,-nan,-nan,2.30178,-nan,-nan
-nan,-nan,-nan,2.40178,-nan,-nan
-nan,-nan,-nan,2.50178,-nan,-nan
-nan,-nan,-nan,2.60178,-nan,-nan
-nan,-nan,-nan,2.70178,-nan,-nan
-nan,-nan,-nan,2.80178,-nan,-nan
-nan,-nan,-nan,2.90178,-nan,-nan
-nan,-nan,-nan,3.00178,-nan,-nan
-nan,-nan,-nan,3.10178,-nan,-nan
-nan,-nan,-nan,-3.08141,-nan,-nan
-nan,-nan,-nan,-2.98141,-nan,-nan
-nan,-nan,-nan,-2.88141,-nan,-nan
-nan,-nan,-nan,-2.78141,-nan,-nan
-nan,-nan,-nan,-2.68141,-nan,-nan
-nan,-nan,-nan,-2.58141,-nan,-nan
-nan,-nan,-nan,-2.48141,-nan,-nan
-nan,-nan,-nan,-2.38141,-nan,-nan
-nan,-nan,-nan,-2.28141,-nan,-nan
-nan,-nan,-nan,-2.18141,-nan,-nan
-nan,-nan,-nan,-2.08141,-nan,-nan
-nan,-nan,-nan,-1.98141,-nan,-nan
-nan,-nan,-nan,-1.88141,-nan,-nan
-nan,-nan,-nan,-1.78141,-nan,-nan
-nan,-nan,-nan,-1.68141,-nan,-nan
-nan,-nan,-nan,-1.58141,-nan,-nan
-nan,-nan,-nan,-1.48141,-nan,-nan
-nan,-nan,-nan,-1.38141,-nan,-nan
-nan,-nan,-nan,-1.28141,-nan,-nan
-nan,-nan,-nan,-1.18141,-nan,-nan
-nan,-nan,-nan,-1.08141,-nan,-nan
-nan,-nan,-nan,-0.981409,-nan,-nan
-nan,-nan,-nan,-0.881409,-nan,-nan
-nan,-nan,-nan,-0.781409,-nan,-nan
-nan,-nan,-nan,-0.681409,-nan,-nan
-nan,-nan,-nan,-0.581409,-nan,-nan
-nan,-nan,-nan,-0.481409,-nan,-nan
-nan,-nan,-nan,-0.381409,-nan,-nan
-nan,-nan,-nan,-0.281409,-nan,-nan
-nan,-nan,-nan,-0.181409,-nan,-nan
-nan,-nan,-nan,-0.081409,-nan,-nan
-nan,-nan,-nan,0.018591,-nan,-nan
-nan,-nan,-nan,0.118591,-nan,-nan
-nan,-nan,-nan,0.218591,-nan,-nan
-nan,-nan,-nan,0.318591,-nan,-nan
-nan,-nan,-nan,0.418591,-nan,-nan
-nan,-nan,-nan,0.518591,-nan,-nan
-nan,-nan,-nan,0.618591,-nan,-nan
-nan,-nan,-nan,0.718591,-nan,-nan
-nan,-nan,-nan,0.818591,-nan,-nan
-nan,-nan,-nan,0.918591,-nan,-nan
-nan,-nan,-nan,1.01859,-nan,-nan
-nan,-nan,-nan,1.11859,-nan,-nan
-nan,-nan,-nan,1.21859,-nan,-nan
-nan,-nan,-nan,1.31859,-nan,-nan
-nan,-nan,-nan,1.41859,-nan,-nan
-nan,-nan,-nan,1.51859,-nan,-nan
-nan,-nan,-nan,1.61859,-nan,-nan
-nan,-nan,-nan,1.71859,-nan,-nan
-nan,-nan,-nan,1.81859,-nan,-nan
-nan,-nan,-nan,1.91859,-nan,-nan
-nan,-nan,-nan,2.01859,-nan,-nan
-nan,-nan,-nan,2.11859,-nan,-nan
-nan,-nan,-nan,2.21859,-nan,-nan
-nan,-nan,-nan,2.31859,-nan,-nan
-nan,-nan,-nan,2.41859,-nan,-nan
-nan,-nan,-nan,2.51859,-nan,-nan
-nan,-nan,-nan,2.61859,-nan,-nan
-nan,-nan,-nan,2.71859,-nan,-nan
-nan,-nan,-nan,2.81859,-nan,-nan
-nan,-nan,-nan,2.91859,-nan,-nan
-nan,-nan,-nan,3.01859,-nan,-nan
-nan,-nan,-nan,3.11859,-nan,-nan
-nan,-nan,-nan,-3.06459,-nan,-nan
-nan,-nan,-nan,-2.96459,-nan,-nan
-nan,-nan,-nan,-2.86459,-nan,-nan
-nan,-nan,-nan,-2.76459,-nan,-nan
-nan,-nan,-nan,-2.66459,-nan,-nan
-nan,-nan,-nan,-2.56459,-nan,-nan
-nan,-nan,-nan,-2.46459,-nan,-nan
-nan,-nan,-nan,-2.36459,-nan,-nan
-nan,-nan,-nan,-2.26459,-nan,-nan
-nan,-nan,-nan,-2.16459,-nan,-nan
-nan,-nan,-nan,-2.06459,-nan,-nan
-nan,-nan,-nan,-1.96459,-nan,-nan
-nan,-nan,-nan,-1.86459,-nan,-nan
-nan,-nan,-nan,-1.76459,-nan,-nan
-nan,-nan,-nan,-1.66459,-nan,-nan
-nan,-nan,-nan,-1.56459,-nan,-nan
-nan,-nan,-nan,-1.46459,-nan,-nan
-nan,-nan,-nan,-1.36459,-nan,-nan
-nan,-nan,-nan,-1.26459,-nan,-nan
-nan,-nan,-nan,-1.16459,-nan,-nan
-nan,-nan,-nan,-1.06459,-nan,-nan
-nan,-nan,-nan,-0.964594,-nan,-nan
-nan,-nan,-nan,-0.864594,-nan,-nan
-nan,-nan,-nan,-0.764594,-nan,-nan
-nan,-nan,-nan,-0.664594,-nan,-nan
-nan,-nan,-nan,-0.564594,-nan,-nan
-nan,-nan,-nan,-0.464594,-nan,-nan
-nan,-nan,-nan,-0.364594,-nan,-nan
-nan,-nan,-nan,-0.264594,-nan,-nan
-nan,-nan,-nan,-0.164594,-nan,-nan
-nan,-nan,-nan,-0.0645943,-nan,-nan
-nan,-nan,-nan,0.0354057,-nan,-nan
-nan,-nan,-nan,0.135406,-nan,-nan
-nan,-nan,-nan,0.235406,-nan,-nan
-nan,-nan,-nan,0.335406,-nan,-nan
-nan,-nan,-nan,0.435406,-nan,-nan
-nan,-nan,-nan,0.535406,-nan,-nan
-nan,-nan,-nan,0.635406,-nan,-nan
-nan,-nan,-nan,0.735406,-nan,-nan
-nan,-nan,-nan,0.835406,-nan,-nan
-nan,-nan,-nan,0.935406,-nan,-nan
-nan,-nan,-nan,1.03541,-nan,-nan
-nan,-nan,-nan,1.13541,-nan,-nan
-nan,-nan,-nan,1.23541,-nan,-nan
-nan,-nan,-nan,1.33541,-nan,-nan
-nan,-nan,-nan,1.43541,-nan,-nan
-nan,-nan,-nan,1.53541,-nan,-nan
-nan,-nan,-nan,1.63541,-nan,-nan
-nan,-nan,-nan,1.73541,-nan,-nan
-nan,-nan,-nan,1.83541,-nan,-nan
-nan,-nan,-nan,1.93541,-nan,-nan
-nan,-nan,-nan,2.03541,-nan,-nan
-nan,-nan,-nan,2.13541,-nan,-nan
-nan,-nan,-nan,2.23541,-nan,-nan
-nan,-nan,-nan,2.33541,-nan,-nan
-nan,-nan,-nan,2.43541,-nan,-nan
-nan,-nan,-nan,2.53541,-nan,-nan
-nan,-nan,-nan,2.63541,-nan,-nan
-nan,-nan,-nan,2.73541,-nan,-nan
-nan,-nan,-nan,2.83541,-nan,-nan
-nan,-nan,-nan,2.93541,-nan,-nan
-nan,-nan,-nan,3.03541,-nan,-nan
-nan,-nan,-nan,3.13541,-nan,-nan
-nan,-nan,-nan,-3.04778,-nan,-nan
-nan,-nan,-nan,-2.94778,-nan,-nan
-nan,-nan,-nan,-2.84778,-nan,-nan
-nan,-nan,-nan,-2.74778,-nan,-nan
-nan,-nan,-nan,-2.64778,-nan,-nan
-nan,-nan,-nan,-2.54778,-nan,-nan
-nan,-nan,-nan,-2.44778,-nan,-nan
-nan,-nan,-nan,-2.34778,-nan,-nan
-nan,-nan,-nan,-2.24778,-nan,-nan
-nan,-nan,-nan,-2.14778,-nan,-nan
-nan,-nan,-nan,-2.04778,-nan,-nan
-nan,-nan,-nan,-1.94778,-nan,-nan
-nan,-nan,-nan,-1.84778,-nan,-nan
-nan,-nan,-nan,-1.74778,-nan,-nan
-nan,-nan,-nan,-1.64778,-nan,-nan
-nan,-nan,-nan,-1.54778,-nan,-nan
-nan,-nan,-nan,-1.44778,-nan,-nan
-nan,-nan,-nan,-1.34778,-nan,-nan
-nan,-nan,-nan,-1.24778,-nan,-nan
-nan,-nan,-nan,-1.14778,-nan,-nan
-nan,-nan,-nan,-1.04778,-nan,-nan
-nan,-nan,-nan,-0.94778,-nan,-nan
-nan,-nan,-nan,-0.84778,-nan,-nan
-nan,-nan,-nan,-0.74778,-nan,-nan
-nan,-nan,-nan,-0.64778,-nan,-nan
-nan,-nan,-nan,-0.54778,-nan,-nan
-nan,-nan,-nan,-0.44778,-nan,-nan
-nan,-nan,-nan,-0.34778,-nan,-nan
-nan,-nan,-nan,-0.24778,-nan,-nan
-nan,-nan,-nan,-0.14778,-nan,-nan
-nan,-nan,-nan,-0.0477796,-nan,-nan
-nan,-nan,-nan,0.0522204,-nan,-nan
-nan,-nan,-nan,0.15222,-nan,-nan
-nan,-nan,-nan,0.25222,-nan,-nan
-nan,-nan,-nan,0.35222,-nan,-nan
-nan,-nan,-nan,0.45222,-nan,-nan
-nan,-nan,-nan,0.55222,-nan,-nan
-nan,-nan,-nan,0.65222,-nan,-nan
-nan,-nan,-nan,0.75222,-nan,-nan
-nan,-nan,-nan,0.85222,-nan,-nan
-nan,-nan,-nan,0.95222,-nan,-nan
-nan,-nan,-nan,1.05222,-nan,-nan
-nan,-nan,-nan,1.15222,-nan,-nan
-nan,-nan,-nan,1.25222,-nan,-nan
-nan,-nan,-nan,1.35222,-nan,-nan
-nan,-nan,-nan,1.45222,-nan,-nan
-nan,-nan,-nan,1.55222,-nan,-nan
-nan,-nan,-nan,1.65222,-nan,-nan
-nan,-nan,-nan,1.75222,-nan,-nan
-nan,-nan,-nan,1.85222,-nan,-nan
-nan,-nan,-nan,1.95222,-nan,-nan
-nan,-nan,-nan,2.05222,-nan,-nan
-nan,-nan,-nan,2.15222,-nan,-nan
-nan,-nan,-nan,2.25222,-nan,-nan
-nan,-nan,-nan,2.35222,-nan,-nan
-nan,-nan,-nan,2.45222,-nan,-nan
-nan,-nan,-nan,2.55222,-nan,-nan
-nan,-nan,-nan,2.65222,-nan,-nan
-nan,-nan,-nan,2.75222,-nan,-nan
-nan,-nan,-nan,2.85222,-nan,-nan
-nan,-nan,-nan,2.95222,-nan,-nan
-nan,-nan,-nan,3.05222,-nan,-nan
-nan,-nan,-nan,-3.13096,-nan,-nan
-nan,-nan,-nan,-3.03096,-nan,-nan
-nan,-nan,-nan,-2.93096,-nan,-nan
-nan,-nan,-nan,-2.83096,-nan,-nan
-nan,-nan,-nan,-2.73096,-nan,-nan
-nan,-nan,-nan,-2.63096,-nan,-nan
-nan,-nan,-nan,-2.53096,-nan,-nan
-nan,-nan,-nan,-2.43096,-nan,-nan
-nan,-nan,-nan,-2.33096,-nan,-nan
-nan,-nan,-nan,-2.23096,-nan,-nan
-nan,-nan,-nan,-2.13096,-nan,-nan
-nan,-nan,-nan,-2.03096,-nan,-nan
-nan,-nan,-nan,-1.93096,-nan,-nan
-nan,-nan,-nan,-1.83096,-nan,-nan
-nan,-nan,-nan,-1.73096,-nan,-nan
-nan,-nan,-nan,-1.63096,-nan,-nan
-nan,-nan,-nan,-1.53096,-nan,-nan
-nan,-nan,-nan,-1.43096,-nan,-nan
-nan,-nan,-nan,-1.33096,-nan,-nan
-nan,-nan,-nan,-1.23096,-nan,-nan
-nan,-nan,-nan,-1.13096,-nan,-nan
-nan,-nan,-nan,-1.03096,-nan,-nan
-nan,-nan,-nan,-0.930965,-nan,-nan
-nan,-nan,-nan,-0.830965,-nan,-nan
-nan,-nan,-nan,-0.730965,-nan,-nan
-nan,-nan,-nan,-0.630965,-nan,-nan
