2.77778
0
0
0
0
0
0
0
0
0
0
0
0
0
0
0
0
0
0
0
0
0
0
0
0
0
0
0
0
0
0
0
0
0
0
0
0
0
0
0
0
0
0
0
0
0
0
0
0
0
0
0.0267245
0
0.163179
0.0297881
0.355955
0.204056
0.659849
0.50646
1.21531
1.13051
2.92093
5
2.76383
1.82223
5
2.61214
4.98026
5
1.79547
3.88313
5
0.561487
3.73157
2.03059
5
4.76557
1.54521
3.08585
5
5
5
3.75072
1.86242
5
5
2.07206
5
5
4.00379
0.93554
5
5
3.07895
5
5
1.77466
5
5
4.16999
1.00792
5
5
2.95295
5
5
1.77446
5
5
4.03588
0.920992
5
5
2.91808
5
5
1.70813
5
5
3.83894
0.793233
5
5
2.82891
5
5
1.5926
5
5
3.50051
0.595889
4.76694
5
2.35876
5
5
1.36988
5
5
2.78483
5
5
1.57475
5
5
3.46753
0.573943
4.53218
5
2.07779
5
5
1.30887
5
5
2.57196
5
5
1.47112
5
5
3.12929
5
5
1.72185
5
5
4.09364
0.942255
5
5
2.9029
5
5
1.70473
5
5
3.85276
0.797617
5
5
2.83278
5
5
1.58932
5
5
3.5179
0.602421
4.85897
5
2.47831
5
5
1.38534
5
5
2.87792
5
5
1.60821
5
5
3.61874
0.653729
5
5
2.71098
5
5
1.45253
5
5
3.13724
5
5
1.7212
5
5
4.08648
0.938151
5
5
2.90059
5
5
1.70142
5
5
3.84198
0.790951
5
5
2.82791
5
5
1.58319
5
5
3.50062
0.592928
4.74576
5
2.32975
5
5
1.35823
5
5
2.7624
5
5
1.55736
5
5
3.42949
0.552014
4.30417
4.57521
1.48622
3.44712
5
0.530214
4.14052
2.59099
5
5
1.66695
3.97474
5
0.704517
4.45133
3.41413
0.617165
1.01433
5
3.77659
0.420665
1.01459
5
3.58609
0.348927
0.878777
5
3.24902
0.234832
0.641378
5
2.71337
5
5
1.69585
3.76571
5
0.553146
3.85047
2.17579
5
5
1.72508
3.99103
5
0.643314
4.05032
2.53116
5
5
1.73516
4.27635
5
0.854086
4.94895
5
2.03563
5
5
1.18642
5
5
2.36797
5
5
1.32942
5
5
2.78421
5
5
1.53146
5
5
3.44276
0.551443
4.31038
4.51695
1.44468
3.23335
4.40746
0.270078
2.57145
5
5
0.54595
3.77158
2.70931
5
5
1.92055
5
5
1.39656
5
5
2.62385
5
5
1.49552
5
5
3.26145
0.464667
3.49258
2.59082
5
5
2.00504
5
5
1.41616
5
5
2.64814
5
5
1.53463
5
5
3.30021
0.49167
3.70009
3.03175
5
5
2.00685
5
5
1.57597
5
5
2.876
5
5
1.69242
5
5
3.75465
0.74733
5
5
2.79619
5
5
1.56117
5
5
3.37649
0.533942
4.0751
3.96289
0.955945
1.89701
5
5
4.23969
0.565471
5
5
2.56331
5
5
1.4188
5
5
3.02048
5
5
1.67091
5
5
3.86482
0.800124
5
5
2.8166
5
5
1.58909
5
5
3.49228
0.590665
4.71032
5
2.28751
5
5
1.35505
5
5
2.73035
5
5
1.54863
5
5
3.37927
0.527667
4.05336
3.83067
0.877659
1.691
5
5
4.16516
0.511066
5
5
2.4749
5
5
1.33602
5
5
2.82778
5
5
1.55833
5
5
3.50779
0.590011
4.70993
5
2.28154
5
5
1.3427
5
5
2.72606
5
5
1.53376
5
5
3.36862
0.518882
3.9796
3.60331
0.736061
1.396
5
5
1.0396
3.02815
5
5
5
4.01766
2.25063
5
5
2.15002
5
5
4.69512
1.48081
5
5
3.28997
0.631978
5
5
3.05655
5
5
1.58462
5
5
3.60556
0.652125
5
5
2.69281
5
5
1.45671
5
5
3.0978
5
5
1.72365
5
5
4.01535
0.897825
5
5
2.88111
5
5
1.67881
5
5
3.74133
0.733603
5
5
2.78462
5
5
1.53794
5
5
3.34838
0.514766
3.91169
3.48271
0.654901
1.26552
5
4.97884
0.99771
2.82595
5
5
5
3.7967
1.85273
5
5
2.06833
5
5
3.94509
0.902122
5
5
3.05653
5
5
1.75612
5
5
4.06509
0.939628
5
5
2.91472
5
5
1.72331
5
5
3.85583
0.806651
5
5
2.84072
5
5
1.61012
5
5
3.53615
0.61719
5
5
2.68383
5
5
1.43092
5
5
3.04384
5
5
1.69136
5
5
3.90518
0.825884
5
5
2.83606
5
5
1.61328
5
5
3.56197
0.628783
5
5
2.69458
5
5
1.43721
5
5
3.07701
5
5
1.70042
5
5
3.96829
0.863509
5
5
2.85855
5
5
1.64205
5
5
3.65583
0.680805
5
5
2.74006
5
5
1.48394
5
5
3.21232
0.444506
3.31292
2.32949
5
5
1.98669
5
5
1.32999
5
5
2.47946
5
5
1.44807
5
5
3.0054
5
5
1.684
5
5
3.86257
0.801061
5
5
2.82102
5
5
1.5946
5
5
3.50003
0.595764
4.76641
5
2.35878
5
5
1.37047
5
5
2.78517
5
5
1.57549
5
5
3.4682
0.574458
4.53722
5
2.08352
5
5
1.31043
5
5
2.57629
5
5
1.47354
5
5
3.13604
5
5
1.72545
5
5
4.10706
0.951454
5
5
2.90796
5
5
1.71283
5
5
3.87564
0.812114
5
5
2.84352
5
5
1.60279
5
5
3.55597
0.62355
5
5
2.68792
5
5
1.42831
5
5
3.06235
5
5
1.68853
5
5
3.93867
0.843161
5
5
2.84522
5
5
1.62152
5
5
3.6054
0.650922
5
5
2.71368
5
5
1.45388
5
5
3.13539
5
5
1.72346
5
5
4.08349
0.937223
5
5
2.90062
5
5
1.70242
5
5
3.83967
0.790147
5
5
2.82749
5
5
1.58362
5
5
3.49817
0.59201
4.73303
5
2.31396
5
5
1.3561
5
5
2.75024
5
5
1.55294
5
5
3.41013
0.542267
4.20294
4.24837
1.1924
2.45785
5
5
4.52732
0.745851
5
5
2.83765
5
5
1.64147
5
5
3.74973
0.733838
5
5
2.77949
5
5
1.52642
5
5
3.33922
0.508434
3.85265
3.33138
0.570735
1.1166
5
4.46692
0.725572
1.80701
5
5
4.01786
0.453182
4.30177
4.23072
1.17781
2.34626
5
5
4.45834
0.70469
5
5
2.79268
5
5
1.5817
5
5
3.59528
0.642449
5
5
2.70232
5
5
1.43872
5
5
3.10379
5
5
1.7063
5
5
4.01692
0.893314
5
5
2.87506
5
5
1.66496
5
5
3.72884
0.722867
5
5
2.77493
5
5
1.52181
5
5
3.32212
0.499147
3.77576
3.15483
0.477013
0.963059
5
4.00317
0.515623
1.22255
5
4.1592
0.574433
1.42531
5
4.83466
0.910563
2.55514
5
5
4.5104
0.747084
5
5
2.87618
5
5
1.62895
5
5
3.80534
0.762858
5
5
2.79409
5
5
1.54396
5
5
3.40224
0.539903
4.1604
4.11846
1.08761
2.17847
5
5
4.41556
0.668035
5
5
2.70609
5
5
1.53425
5
5
3.3973
0.537484
4.10862
3.97751
0.982894
1.9273
5
5
4.29951
0.592888
5
5
2.59015
5
5
1.43611
5
5
3.10354
5
5
1.69658
5
5
4.02332
0.896009
5
5
2.87381
5
5
1.66446
5
5
3.73004
0.723453
5
5
2.77531
5
5
1.52213
5
5
3.32347
0.499809
3.78171
3.16733
0.483566
0.973236
5
4.03205
0.52795
1.2532
5
4.25334
0.61571
1.53992
5
5
1.01689
3.04603
5
5
5
4.06652
2.31766
5
5
2.14987
5
5
4.83509
1.61325
5
5
3.31588
0.670401
5
5
3.17588
0.401536
2.82075
5
5
5
5
2.116
5
5
3.30335
0.683469
5
5
3.33208
0.485617
3.40939
2.44733
5
5
1.96085
5
5
1.37676
5
5
2.49685
5
5
1.49199
5
5
3.04786
5
5
1.73906
5
5
3.95485
0.869465
5
5
2.86985
5
5
1.67414
5
5
3.66918
0.69801
5
5
2.75762
5
5
1.51802
5
5
3.25168
0.470148
3.49927
2.67685
5
5
1.99386
5
5
1.45781
5
5
2.66162
5
5
1.5745
5
5
3.33668
0.518046
3.91429
3.5856
0.703646
1.38531
5
5
1.02231
3.00596
5
5
5
3.98057
2.16233
5
5
2.148
5
5
4.48452
1.30877
5
5
3.23869
0.576798
4.79461
5
2.59549
5
5
1.46543
5
5
3.0489
5
5
1.72988
5
5
3.94103
0.858252
5
5
2.8625
5
5
1.65846
5
5
3.64382
0.680919
5
5
2.74238
5
5
1.49726
5
5
3.20872
0.447197
3.31877
2.36845
5
5
1.98523
5
5
1.3489
5
5
2.49189
5
5
1.46702
5
5
3.02989
5
5
1.70827
5
5
3.91297
0.836112
5
5
2.84567
5
5
1.63245
5
5
3.58678
0.646343
5
5
2.71152
5
5
1.46088
5
5
3.12014
5
5
1.73207
5
5
4.05633
0.924383
5
5
2.89586
5
5
1.70104
5
5
3.80704
0.773365
5
5
2.8158
5
5
1.57455
5
5
3.45243
0.569499
4.46757
5
2.00653
5
5
1.29712
5
5
2.5171
5
5
1.44999
5
5
3.0466
5
5
1.68785
5
5
3.93575
0.840937
5
5
2.84439
5
5
1.61995
5
5
3.60093
0.648464
5
5
2.71144
5
5
1.45185
5
5
3.12875
5
5
1.72068
5
5
4.07016
0.92846
5
5
2.8958
5
5
1.6952
5
5
3.81778
0.776668
5
5
2.8173
5
5
1.5714
5
5
3.46277
0.572889
4.51457
5
2.05656
5
5
1.30378
5
5
2.55454
5
5
1.46285
5
5
3.10273
5
5
1.70911
5
5
4.04197
0.90774
5
5
2.8836
5
5
1.67488
5
5
3.76702
0.744722
5
5
2.79205
5
5
1.54028
5
5
3.37941
0.528157
4.05092
3.8068
0.863127
1.65676
5
5
1.07738
3.29679
4.80348
0.439463
3.6145
1.96044
4.98537
4.40483
1.25532
2.13717
5
5
3.99441
0.455802
4.53416
5
2.01414
5
5
1.26303
5
5
2.52322
5
5
1.42715
5
5
3.03926
5
5
1.66915
5
5
3.90885
0.821214
5
5
2.82901
5
5
1.59764
5
5
3.54899
0.617994
5
5
2.68343
5
5
1.42037
5
5
3.0508
5
5
1.67821
5
5
3.9149
0.826768
5
5
2.83408
5
5
1.60455
5
5
3.56476
0.627134
5
5
2.69197
5
5
1.42959
5
5
3.07438
5
5
1.69061
5
5
3.96125
0.856284
5
5
2.85282
5
5
1.63077
5
5
3.63818
0.668904
5
5
2.72922
5
5
1.46949
5
5
3.18233
0.428715
3.19455
2.15059
5
5
1.97723
5
5
1.26598
5
5
2.37707
5
5
1.38435
5
5
2.83343
5
5
1.59418
5
5
3.54647
0.61663
5
5
2.68091
5
5
1.42423
5
5
3.04263
5
5
1.68299
5
5
3.9002
0.820461
5
5
2.83126
5
5
1.60446
5
5
3.54841
0.619883
5
5
2.68598
5
5
1.4262
5
5
3.05474
5
5
1.68571
5
5
3.92385
0.834126
5
5
2.83964
5
5
1.61419
5
5
3.58287
0.638372
5
5
2.70253
5
5
1.44233
5
5
3.10286
5
5
1.70771
5
5
4.01827
0.894095
5
5
2.87606
5
5
1.66541
5
5
3.73219
0.724614
5
5
2.77625
5
5
1.52297
5
5
3.32678
0.501374
3.7966
3.19796
0.499891
0.998487
5
4.10426
0.559331
1.33275
5
4.50925
0.734614
1.90133
5
5
4.13089
0.512654
5
5
2.5476
5
5
1.34662
5
5
2.92275
5
5
1.58983
5
5
3.66367
0.67352
5
5
2.71972
5
5
1.46103
5
5
3.17767
0.424237
3.16745
2.10147
5
5
1.97536
5
5
1.24637
5
5
2.35228
5
5
1.36473
5
5
2.79191
5
5
1.56804
5
5
3.47206
0.575161
4.53701
5
2.08244
5
5
1.30973
5
5
2.57561
5
5
1.47285
5
5
3.13466
5
5
1.72462
5
5
4.1041
0.94942
5
5
2.90681
5
5
1.71105
5
5
3.87052
0.808866
5
5
2.84113
5
5
1.5998
5
5
3.54743
0.618793
5
5
2.68357
5
5
1.42375
5
5
3.05013
5
5
1.68237
5
5
3.9148
0.8281
5
5
2.83563
5
5
1.60825
5
5
3.56795
0.629767
5
5
2.69466
5
5
1.43371
5
5
3.08075
5
5
1.69605
5
5
3.97429
0.865361
5
5
2.85874
5
5
1.64002
5
5
3.66068
0.682364
5
5
2.74098
5
5
1.48306
5
5
3.217
0.446025
3.32762
2.34651
5
5
1.98809
5
5
1.33498
5
5
2.49107
5
5
1.45298
5
5
3.02479
5
5
1.69164
5
5
3.89884
0.822997
5
5
2.83506
5
5
1.61304
5
5
3.55451
0.625565
5
5
2.69185
5
5
1.43602
5
5
3.06788
5
5
1.69866
5
5
3.95091
0.853299
5
5
2.85267
5
5
1.63475
5
5
3.6303
0.666633
5
5
2.728
5
5
1.47159
5
5
3.17531
0.426709
3.17464
2.13168
5
5
1.97496
5
5
1.26091
5
5
2.36288
5
5
1.37935
5
5
2.81116
5
5
1.58631
5
5
3.50814
0.596766
4.77483
5
2.36902
5
5
1.37133
5
5
2.79407
5
5
1.57808
5
5
3.48171
0.581311
4.61433
5
2.17134
5
5
1.32842
5
5
2.64258
5
5
1.50403
5
5
3.23894
0.456458
3.42412
2.50401
5
5
1.99739
5
5
1.38952
5
5
2.58647
5
5
1.50755
5
5
3.19126
0.439785
3.26671
2.2956
5
5
1.98704
5
5
1.32464
5
5
2.4582
5
5
1.4444
5
5
2.97045
5
5
1.67648
5
5
3.79943
0.765535
5
5
2.79837
5
5
1.56819
5
5
3.41155
0.549842
4.25004
4.46941
1.36991
3.06611
5
5
5
3.98373
2.23678
5
5
2.17963
5
5
4.63471
1.4367
5
5
3.2852
0.625034
5
5
3.021
5
5
1.5761
5
5
3.53226
