-0.562291,-0.56116,0.784827,0
-0.555524,-0.552142,0.783694,0.001
-0.545435,-0.538715,0.782019,0.003
-0.532108,-0.52101,0.779835,0.006
-0.515654,-0.499204,0.777188,0.01
-0.496215,-0.473517,0.774138,0.015
-0.473958,-0.44421,0.770758,0.021
-0.449077,-0.411575,0.767132,0.028
-0.421787,-0.375936,0.76336,0.036
-0.392325,-0.337641,0.759552,0.045
-0.360945,-0.297051,0.755831,0.055
-0.327919,-0.254543,0.752331,0.066
-0.29353,-0.210495,0.74919,0.078
-0.258071,-0.165283,0.746555,0.091
-0.221842,-0.119274,0.744574,0.105
-0.185148,-0.0728228,0.743393,0.12
-0.148294,-0.0262626,0.743154,0.136
-0.111584,0.0200965,0.743991,0.153
-0.0753141,0.0659725,0.746024,0.171
-0.0397757,0.111113,0.749359,0.19
-0.00524687,0.155299,0.754082,0.21
0.0280081,0.198342,0.760261,0.231
0.0597416,0.240088,0.76794,0.253
0.0897258,0.280413,0.777144,0.276
0.117754,0.319222,0.787876,0.3
0.143644,0.356449,0.800122,0.325
0.167237,0.39205,0.813851,0.351
0.188402,0.426003,0.829019,0.378
0.207034,0.458304,0.845575,0.406
0.223052,0.488963,0.863461,0.435
0.236404,0.518002,0.88262,0.465
0.247061,0.545453,0.902994,0.496
0.255016,0.571353,0.92453,0.528
0.260285,0.595743,0.947184,0.561
0.262899,0.61867,0.970919,0.595
0.262908,0.640177,0.995705,0.63
0.260372,0.660309,1.02152,0.666
0.255362,0.679108,1.04837,0.703
0.247957,0.696612,1.07623,0.741
0.238238,0.712855,1.10512,0.78
0.226291,0.727864,1.13505,0.82
0.212204,0.741661,1.16603,0.861
0.19606,0.754259,1.19809,0.903
0.177945,0.765662,1.23125,0.946
0.15794,0.775867,1.26553,0.99
0.136124,0.784858,1.30095,1.035
0.112574,0.79261,1.33754,1.081
0.087367,0.799088,1.37533,1.128
0.0605774,0.804245,1.41433,1.176
0.0322808,0.808025,1.45457,1.225
0.00255421,0.810361,1.49605,1.275
-0.0285221,0.811175,1.53881,1.326
-0.0608632,0.810382,1.58284,1.378
-0.0943783,0.807889,1.62817,1.431
-0.128969,0.803594,1.6748,1.485
-0.164527,0.797391,1.72273,1.54
-0.200934,0.789171,1.77198,1.596
-0.238061,0.778822,1.82254,1.653
-0.275764,0.766231,1.87442,1.711
-0.313886,0.751287,1.92761,1.77
-0.352257,0.733884,1.98212,1.83
-0.390689,0.713921,2.03793,1.891
-0.42898,0.691306,2.09505,1.953
-0.466914,0.665957,2.15347,2.016
-0.504258,0.637807,2.21318,2.08
-0.540765,0.606805,2.27418,2.145
-0.576174,0.572915,2.33645,2.211
-0.610212,0.536126,2.4,2.278
-0.642596,0.496448,2.4648,2.346
-0.673031,0.453916,2.53085,2.415
-0.701218,0.408592,2.59815,2.485
-0.726851,0.360571,2.66667,2.556
-0.749624,0.309974,2.73642,2.628
-0.76923,0.256958,2.80737,2.701
-0.785369,0.201714,2.87953,2.775
-0.797747,0.144464,2.95288,2.85
-0.806082,0.0854697,3.02741,2.926
-0.810109,0.0250255,3.10312,3.003
-0.809581,-0.0365386,-3.1032,3.081
-0.804277,-0.0988582,-3.02518,-3.12319
-0.794003,-0.161536,-2.94601,-3.04319
-0.778599,-0.224143,-2.86571,-2.96219
-0.757941,-0.286223,-2.78428,-2.88019
-0.731948,-0.347292,-2.70173,-2.79719
-0.700583,-0.406843,-2.61807,-2.71319
-0.66386,-0.464353,-2.5333,-2.62819
-0.621845,-0.519282,-2.44744,-2.54219
-0.574661,-0.571083,-2.36048,-2.45519
-0.522489,-0.619206,-2.27244,-2.36719
-0.465572,-0.663104,-2.18332,-2.27819
-0.404215,-0.702238,-2.09313,-2.18819
-0.338789,-0.736088,-2.00187,-2.09719
-0.269725,-0.764157,-1.90954,-2.00519
-0.197522,-0.785982,-1.81616,-1.91219
-0.122736,-0.801137,-1.72173,-1.81819
-0.0459862,-0.809247,-1.62624,-1.72319
0.0320548,-0.809991,-1.52972,-1.62719
0.110663,-0.803113,-1.43215,-1.53019
0.189068,-0.788428,-1.33354,-1.43219
0.266463,-0.765832,-1.2339,-1.33319
0.342008,-0.735304,-1.13323,-1.23319
0.414843,-0.696915,-1.03153,-1.13219
0.484094,-0.650836,-0.928799,-1.03019
0.548889,-0.597334,-0.825047,-0.927185
0.608362,-0.536784,-0.720274,-0.823185
0.661675,-0.469666,-0.614482,-0.718185
0.708024,-0.396565,-0.507671,-0.612185
0.746655,-0.31817,-0.399844,-0.505185
0.776877,-0.235273,-0.291003,-0.397185
0.798078,-0.148762,-0.181148,-0.288185
0.809738,-0.0596144,-0.070282,-0.178185
0.811438,0.031111,0.041595,-0.0671853
0.802882,0.122285,0.154482,0.0448147
0.783898,0.212722,0.268377,0.157815
0.754457,0.301192,0.38328,0.271815
0.714677,0.386438,0.49919,0.386815
0.664832,0.467197,0.616106,0.502815
0.605357,0.542213,0.734028,0.619815
0.53685,0.610265,0.852955,0.737815
0.460071,0.670183,0.972886,0.856815
0.37594,0.720874,1.09382,0.976815
0.285534,0.761341,1.21576,1.09781
0.19007,0.790711,1.3387,1.21981
0.0909013,0.808251,1.46265,1.34281
-0.0105051,0.81339,1.58759,1.46681
-0.112584,0.805742,1.71354,1.59181
-0.213695,0.785119,1.84049,1.71781
-0.312151,0.751547,1.96845,1.84481
-0.406238,0.705275,2.0974,1.97281
-0.494257,0.646789,2.22736,2.10181
-0.574545,0.576807,2.35832,2.23181
-0.645518,0.496285,2.49027,2.36281
-0.705697,0.406408,2.62323,2.49481
-0.753749,0.30858,2.75719,2.62781
-0.788518,0.204408,2.89215,2.76181
-0.809056,0.0956812,3.02812,2.89681
-0.814657,-0.0156569,-3.11811,3.03281
-0.804879,-0.127538,-2.98014,-3.11337
-0.779568,-0.237808,-2.84118,-2.97537
-0.738882,-0.344265,-2.70122,-2.83637
-0.683292,-0.444703,-2.56025,-2.69637
-0.613598,-0.536964,-2.41829,-2.55537
-0.530923,-0.618982,-2.27532,-2.41337
-0.436707,-0.688832,-2.13136,-2.27037
-0.332685,-0.744787,-1.98639,-2.12637
-0.220872,-0.785359,-1.84043,-1.98137
-0.103522,-0.809346,-1.69346,-1.83537
0.0169086,-0.815878,-1.54549,-1.68837
0.137808,-0.804448,-1.39653,-1.54037
0.256465,-0.774945,-1.24656,-1.39137
0.370127,-0.727671,-1.09559,-1.24137
0.476066,-0.663359,-0.943626,-1.09037
0.571648,-0.583171,-0.790658,-0.938371
0.654399,-0.48869,-0.636691,-0.785371
0.722075,-0.381901,-0.481723,-0.631371
0.772734,-0.265158,-0.325755,-0.476371
0.804793,-0.141142,-0.168787,-0.320371
0.817089,-0.0128041,-0.0108193,-0.163371
0.808929,0.116697,0.148149,-0.00537061
0.780128,0.244073,0.308117,0.153629
0.731035,0.365984,0.469086,0.313629
0.662553,0.479131,0.631055,0.474629
0.576131,0.580347,0.794023,0.636629
0.473753,0.666689,0.957992,0.799629
0.357905,0.735531,1.12296,0.963629
0.231524,0.784657,1.28893,1.12863
0.0979323,0.812333,1.4559,1.29463
-0.0392372,0.817388,1.62387,1.46163
-0.17614,0.799265,1.79284,1.62963
-0.308824,0.758066,1.96281,1.79863
-0.43334,0.694579,2.13378,1.96863
-0.545868,0.610277,2.30575,2.13963
-0.642834,0.507308,2.47872,2.31163
-0.721034,0.388452,2.65269,2.48463
-0.777748,0.257059,2.82766,2.65863
-0.81085,0.11697,3.00363,2.83363
-0.818893,-0.0275892,-3.10259,3.00963
-0.80119,-0.172129,-2.92462,-3.09656
-0.757865,-0.31203,-2.74564,-2.91856
-0.689878,-0.442694,-2.56567,-2.73956
-0.59903,-0.559696,-2.3847,-2.55956
-0.487936,-0.658941,-2.20273,-2.37856
-0.359963,-0.736817,-2.01976,-2.19656
-0.219148,-0.790339,-1.83579,-2.01356
-0.0700813,-0.817275,-1.65082,-1.82956
0.0822348,-0.816257,-1.46485,-1.64456
0.232545,-0.78686,-1.27787,-1.45856
0.375522,-0.729656,-1.0899,-1.27156
0.505958,-0.646227,-0.900931,-1.08356
0.618958,-0.53915,-0.710959,-0.894556
0.710133,-0.411935,-0.519987,-0.704556
0.775786,-0.268933,-0.328015,-0.513556
0.813073,-0.115198,-0.135042,-0.321556
0.820146,0.0436761,0.0589302,-0.128556
0.796261,0.201754,0.253903,0.0654441
0.741845,0.352973,0.449875,0.260444
0.658527,0.491382,0.646848,0.456444
0.549108,0.611378,0.844821,0.653444
0.417502,0.707944,1.04379,0.851444
0.268609,0.776873,1.24377,1.05044
0.108154,0.814969,1.44474,1.25044
-0.0575202,0.820215,1.64671,1.45144
-0.221694,0.791898,1.84969,1.65344
-0.377544,0.730685,2.05366,1.85644
-0.518424,0.638644,2.25863,2.06044
-0.63816,0.519203,2.46461,2.26544
-0.731331,0.377049,2.67158,2.47144
-0.79353,0.217968,2.87956,2.67844
-0.8216,0.0486269,3.08853,2.88644
-0.813807,-0.123691,-2.98468,3.09544
-0.769974,-0.291395,-2.77371,-2.97774
-0.69154,-0.446916,-2.56173,-2.76674
-0.581546,-0.583058,-2.34876,-2.55474
-0.44455,-0.693338,-2.13478,-2.34174
-0.286469,-0.772314,-1.91981,-2.12774
-0.11434,-0.815874,-1.70383,-1.91274
0.0639719,-0.821476,-1.48686,-1.69674
0.240123,-0.788319,-1.26888,-1.47974
0.405677,-0.717442,-1.04991,-1.26174
0.552517,-0.61173,-0.829933,-1.04274
0.673247,-0.475834,-0.608958,-0.822741
0.761588,-0.315999,-0.386983,-0.601741
0.812723,-0.1398,-0.164007,-0.379741
0.82359,0.0441938,0.0599687,-0.156741
0.793093,0.226825,0.284944,0.0672588
0.722216,0.398799,0.51092,0.292259
0.614047,0.551158,0.737896,0.518259
0.473674,0.675762,0.965872,0.745259
0.307984,0.765741,1.19485,0.973259
0.125355,0.815899,1.42483,1.20226
-0.06475,0.823046,1.6558,1.43226
-0.252256,0.786229,1.88778,1.66326
-0.427008,0.706856,2.12075,1.89526
-0.579327,0.588689,2.35473,2.12826
-0.700556,0.437707,2.58971,2.36226
-0.78358,0.261843,2.82569,2.59726
-0.823267,0.0705933,3.06266,2.83326
-0.816824,-0.125474,-2.98255,3.07026
-0.764023,-0.315288,-2.74357,-2.97493
-0.667294,-0.487903,-2.50359,-2.73593
-0.53166,-0.633136,-2.26261,-2.49593
-0.364522,-0.742186,-2.02064,-2.25493
-0.175288,-0.808198,-1.77766,-2.01293
0.025124,-0.826723,-1.53368,-1.76993
0.224901,-0.796063,-1.2887,-1.52593
0.412022,-0.717445,-1.04272,-1.28093
0.574988,-0.59504,-0.795746,-1.03493
0.70354,-0.435784,-0.547768,-0.787927
0.789337,-0.249034,-0.29879,-0.539927
0.826525,-0.0460452,-0.0488114,-0.290927
0.812183,0.160675,0.202167,-0.0409265
0.746587,0.358133,0.454146,0.210073
0.633286,0.533662,0.707125,0.462073
0.478964,0.675747,0.961103,0.715073
0.293092,0.774811,1.21608,0.969073
0.0873917,0.823888,1.47206,1.22407
-0.124882,0.819163,1.72904,1.48007
-0.329774,0.760307,1.98702,1.73707
-0.513549,0.6506,2.246,1.99507
-0.663621,0.496805,2.50598,2.25407
-0.769442,0.308806,2.76696,2.51407
-0.823282,0.0990162,3.02894,2.77507
-0.820835,-0.118411,-2.99127,3.03707
-0.761618,-0.32852,-2.72729,-2.98311
-0.6491,-0.516577,-2.46231,-2.71911
-0.49057,-0.669118,-2.19633,-2.45411
-0.296717,-0.77494,-1.92935,-2.18811
-0.0809593,-0.825962,-1.66137,-1.92111
0.141458,-0.817896,-1.39239,-1.65311
0.354515,-0.750652,-1.12241,-1.38411
0.542578,-0.628462,-0.851425,-1.11411
0.691554,-0.459678,-0.579444,-0.843112
0.789986,-0.25626,-0.306463,-0.571112
0.829973,-0.0329753,-0.0324822,-0.298112
0.807863,0.193641,0.242499,-0.0241118
0.724635,0.406495,0.51848,0.250888
0.585951,0.589231,0.795461,0.526888
0.401831,0.727502,1.07344,0.803888
0.185996,0.810142,1.35242,1.08189
-0.0451142,0.830111,1.63241,1.36089
-0.273562,0.785163,1.91339,1.64089
-0.481296,0.678136,2.19537,1.92189
-0.651588,0.51686,2.47835,2.20389
-0.770409,0.313651,2.76233,2.48689
-0.827632,0.0844314,3.04732,2.77089
-0.817955,-0.152483,-2.94989,3.05589
-0.741451,-0.37782,-2.6629,-2.9413
-0.603704,-0.57292,-2.37492,-2.6543
-0.41547,-0.721302,-2.08594,-2.3663
-0.191916,-0.810098,-1.79596,-2.0773
0.0485593,-0.831222,-1.50497,-1.7873
0.285803,-0.782178,-1.21299,-1.4963
0.499587,-0.666405,-0.920008,-1.2043
0.671344,-0.49313,-0.626025,-0.911297
0.78582,-0.276705,-0.331042,-0.617297
0.832477,-0.0354797,-0.0350588,-0.322297
0.806534,0.209706,0.261925,-0.0262972
0.709529,0.437311,0.559908,0.270703
0.549329,0.626984,0.858892,0.568703
0.339578,0.761417,1.15888,0.867703
