-561.16,562.291,-8.21801,0
-557.731,552.553,-9.26524,1e-05
-559.786,543.047,-5.04292,3e-05
-551.341,547.076,-3.43199,6e-05
-556.252,537.679,-4.09696,0.0001
-558.189,537.334,-1.20919,0.00015
-532.341,507.818,-3.38047,0.00021
-540.714,492.681,-9.36675,0.00028
-548.421,468.512,-3.58452,0.00036
-557.953,456.887,-8.31878,0.00045
-542.412,407.82,-7.24881,0.00055
-492.62,368.52,-6.95181,0.00066
-435.197,337.348,-8.83234,0.00078
-440.138,289.638,-6.6683,0.00091
-373.599,269.775,-6.51704,0.00105
-306.13,256.738,-6.71749,0.0012
-239.012,233.77,-3.86635,0.00136
-271.233,241.675,-7.26786,0.00153
-211.107,189.691,-3.28286,0.00171
-254.024,168.456,-8.89959,0.0019
-277.806,112.058,-7.22602,0.0021
-205.982,63.9212,-4.48297,0.00231
-221.964,117.304,-3.58047,0.00253
-272.309,118.625,-5.70046,0.00276
-201.04,163.466,-5.94712,0.003
-120.877,192.234,-4.67536,0.00325
-133.838,248.817,-6.3827,0.00351
-40.4846,238.932,-4.70951,0.00378
-59.8088,295.814,-2.68176,0.00406
-118.153,205.967,-7.69672,0.00435
-67.245,101.775,-8.58937,0.00465
-100.84,6.75709,-6.30853,0.00496
3.84658,30.0266,-7.7977,0.00528
35.9013,-67.0656,-4.25441,0.00561
-36.9408,16.6707,-8.98688,0.00595
-111.363,-54.2552,-3.28571,0.0063
-203.719,-61.6436,-1.71012,0.00666
-161.294,-163.036,-4.18414,0.00703
-221.264,-62.1921,-2.25432,0.00741
-236.207,-160.534,-8.34649,0.0078
-227.692,-254.162,-4.62122,0.0082
-238.388,-102.748,-2.58656,0.00861
-286.709,-179.967,-8.28388,0.00903
-261.905,-278.913,-5.49658,0.00946
-157.154,-120.356,-5.0611,0.0099
-122.428,32.6432,-4.77209,0.01035
-131.97,160.882,-5.71165,0.01081
-17.5297,238.851,-3.27876,0.01128
-155.795,177.817,-4.87345,0.01176
-145.562,291.302,-5.91373,0.01225
-1.14791,328.918,-3.27579,0.01275
-150.796,247.309,-5.65317,0.01326
-27.8932,323.124,-7.1302,0.01378
109.876,177.366,-4.55635,0.01431
21.3268,288.514,-3.61921,0.01485
-142.699,264.254,-7.7772,0.0154
-56.5224,55.9033,-5.08934,0.01596
-28.4139,212.632,-3.74055,0.01653
-185.6,222.876,-5.26867,0.01711
-98.6778,344.088,-5.18663,0.0177
-43.0271,444.861,-6.41487,0.0183
144.92,374.701,-8.45496,0.01891
54.7878,118.09,-3.55009,0.01953
-142.278,115.835,-7.02381,0.02016
59.5021,5.05724,-8.985,0.0208
-98.98,-122.563,-6.45718,0.02145
118.277,-73.5074,-3.23058,0.02211
-104.354,-93.2766,-5.57801,0.02278
32.1894,96.5109,-7.09405,0.02346
199.915,-30.6351,-7.21526,0.02415
314.357,-148.769,-4.0933,0.02485
71.2417,19.4807,-7.97057,0.02556
87.2671,-195.302,-9.34384,0.02628
-137.07,-220.478,-6.07764,0.02701
92.2441,-61.0042,-4.57902,0.02775
-20.8493,158.049,-9.19336,0.0285
-210.955,6.04799,-8.25091,0.02926
-180.246,-221.146,-9.0212,0.03003
-309.018,-304.99,-5.57264,0.03081
-94.4434,-24.9769,-4.88612,0.0316
-92.2899,216.691,-4.34119,0.0324
-210.218,344.668,-7.2984,0.03321
29.8397,82.1184,-8.27815,0.03403
-14.4891,-184.038,-5.12529,0.03486
23.0383,115.998,-5.29823,0.0357
91.915,319.768,-8.25082,0.03655
33.9652,-29.1712,-8.12064,0.03741
26.4868,-276.429,-5.85344,0.03828
215.112,-21.7692,-6.11785,0.03916
384.066,97.5806,-6.72862,0.04005
523.044,22.4174,-3.73625,0.04095
100.011,98.5472,-9.28844,0.04186
-180.414,-42.6327,-8.8675,0.04278
-304.664,-231.629,-5.61772,0.04371
-41.045,69.4075,-8.62791,0.04465
-160.208,-199.83,-7.11759,0.0456
134.088,-281.097,-3.98112,0.04656
-153.507,-32.7929,-1.51614,0.04753
-6.09309,-293.89,-4.02497,0.04851
-243.465,-25.3851,-3.53399,0.0495
-449.604,17.0727,-5.81469,0.0505
-71.1151,212.746,-2.97819,0.05151
-316.632,7.83211,-8.55997,0.05253
-326.992,-270.592,-4.90497,0.05356
-232.999,133.493,-3.02394,0.0546
-431.351,-35.0864,-4.00946,0.05565
-528.796,151.298,-4.18406,0.05671
-555.967,311.722,-1.24826,0.05778
-164.423,-69.0224,-5.21914,0.05886
-28.5759,269.553,-6.64002,0.05995
304.766,139.472,-7.36594,0.06105
411.484,-150.176,-7.94991,0.06216
308.42,-414.385,-5.6501,0.06328
388.744,13.3305,-4.76809,0.06441
158.345,334.588,-6.60329,0.06555
431.559,184.628,-5.85874,0.0667
514.821,329.229,-9.37731,0.06786
-23.3488,83.2857,-8.89944,0.06903
-254.15,-200.867,-7.88437,0.07021
-61.6593,-455.264,-3.53364,0.0714
-385.627,-222.466,-0.818209,0.0726
83.7699,-310.102,-3.28811,0.07381
-307.369,-223.669,-5.40623,0.07503
-28.2039,203.767,-5.5504,0.07626
177.4,423.081,-4.89576,0.0775
64.3878,601.768,-5.68898,0.07875
273.535,617.55,-6.40156,0.08001
518.976,400.246,-7.27949,0.08128
567.57,-27.6027,-4.11717,0.08256
19.1187,228.045,-5.10088,0.08385
52.3029,502.651,-6.06779,0.08515
366.627,452.583,-7.70615,0.08646
356.055,-110.76,-4.45403,0.08778
-10.4383,276.545,-6.0884,0.08911
344.442,324.999,-7.58596,0.09045
386.246,-168.093,-7.09321,0.0918
544.91,-289.769,-6.49523,0.09316
682.699,-123.206,-8.94504,0.09453
56.6244,-341.548,-9.20159,0.09591
-328.609,-370.176,-5.85766,0.0973
146.588,78.2198,-6.01627,0.0987
427.292,253.792,-6.9669,0.10011
596.099,-37.4672,-7.62639,0.10153
498.868,-385.394,-6.30156,0.10296
653.756,-81.2877,-8.30926,0.1044
244.835,-458.267,-7.11172,0.10585
483.754,-446.323,-4.67371,0.10731
98.8337,194.384,-6.31498,0.10878
468.07,198.891,-5.74245,0.11026
520.641,413.554,-5.11383,0.11175
299.494,631.379,-5.80055,0.11325
460.713,600.723,-7.14617,0.11476
585.533,33.1244,-8.66386,0.11628
42.6107,-371.301,-4.5962,0.11781
-153.984,246.828,-5.00286,0.11935
-64.3811,566.305,-3.36477,0.1209
-485.5,229.931,-7.49631,0.12246
56.265,-267.371,-6.36193,0.12403
478.78,-26.7935,-8.97465,0.12561
-137.023,-321.955,-6.21471,0.1272
381.12,18.8103,-6.11449,0.1288
590.426,212.064,-5.08669,0.13041
299.086,563.559,-6.95758,0.13203
568.009,55.8167,-3.45373,0.13366
-240.228,39.84,-7.70727,0.1353
98.6645,-423.7,-5.01978,0.13695
55.1407,310.058,-6.71282,0.13861
506.35,53.99,-7.32737,0.14028
561.561,-319.08,-5.07172,0.14196
267.501,364.196,-4.36458,0.14365
-184.402,549.727,-3.96321,0.14535
-502.137,477.731,-6.6781,0.14706
302.269,129.85,-6.0119,0.14878
550.267,315.436,-8.83476,0.15051
-116.034,-266.723,-6.97368,0.15225
425.035,-307.75,-7.76339,0.154
347.579,-597.857,-9.17342,0.15576
-316.284,-487.278,-7.30923,0.15753
264.065,-536.446,-5.57849,0.15931
388.373,237.707,-3.34979,0.1611
-383.447,50.2006,-5.21297,0.1629
-22.3534,535.176,-5.66985,0.16471
326.704,607.048,-8.19337,0.16653
83.5956,-318.708,-7.66102,0.16836
274.055,-592.349,-5.08319,0.1702
145.678,332.594,-8.98677,0.17205
-360.389,-242.644,-9.2789,0.17391
-622.199,-308.307,-8.26399,0.17578
-282.896,-649.971,-5.89931,0.17766
341.586,122.438,-8.42307,0.17955
-46.2296,-492.262,-5.30112,0.18145
155.628,370.926,-6.54117,0.18336
612.41,131.784,-7.00545,0.18528
706.753,-200.349,-5.33112,0.18721
413.996,471.649,-4.14011,0.18915
-299.026,524.54,-5.59859,0.1911
234.804,633.767,-7.3,0.19306
498.453,-193.583,-5.7762,0.19503
561.094,350.966,-4.19706,0.19701
-246.87,513.714,-7.7299,0.199
156.02,-386.256,-5.64764,0.201
404.953,352.622,-7.07963,0.20301
630.786,-190.691,-6.7409,0.20503
764.926,-160.551,-6.25406,0.20706
785.073,135.288,-9.4247,0.2091
-357.752,-127.098,-8.10104,0.21115
-79.7337,-637.514,-7.02495,0.21321
520.121,-444.184,-4.54376,0.21528
-123.39,429.575,-5.88653,0.21736
444.744,495.959,-7.0497,0.21945
658.958,-158.51,-4.85232,0.22155
84.8603,570.557,-8.39053,0.22366
-136.811,-454.49,-6.17413,0.22578
542.667,121.322,-5.92673,0.22791
638.448,401.286,-6.24038,0.23005
752.633,296.435,-6.34415,0.2322
798.057,207.548,-9.19713,0.23436
-366.153,-258.469,-5.60979,0.23653
284.584,459.022,-5.55288,0.23871
406.945,647.623,-8.29567,0.2409
-12.5118,-488.304,-9.26574,0.2431
-588.42,-382.691,-3.15338,0.24531
-755.618,-255.026,-1.59528,0.24753
0.578854,-686.485,-4.53502,0.24976
-288.211,442.479,-6.30447,0.252
576.268,259.771,-8.15051,0.25425
106.377,-607.541,-3.39625,0.25651
-642.272,-138.42,-2.00299,0.25878
-229.715,-686.453,-8.79821,0.26106
-458.573,-660.527,-4.24496,0.26335
-544.234,367.659,-1.18558,0.26565
313.777,-463.134,-5.50435,0.26796
391.291,505.496,-6.42855,0.27028
746.23,181.811,-5.76438,0.27261
610.652,521.799,-4.24302,0.27495
-361.026,594.729,-4.10015,0.2773
-598.087,535.506,-8.39884,0.27966
-282.441,-579.161,-3.56486,0.28203
-734.857,5.84828,-5.32983,0.28441
114.926,660.019,-2.78428,0.2868
-546.759,-313.348,-4.82645,0.2892
-198.873,647.29,-6.51626,0.29161
677.172,128.763,-9.14393,0.29403
-503.462,-358.116,-5.36715,0.29646
190.544,612.457,-5.57687,0.2989
422.765,681.905,-6.79904,0.30135
756.359,-76.8677,-3.2659,0.30381
-613.802,-120.917,-7.9891,0.30628
24.5927,-733.217,-5.08484,0.30876
71.5192,633.134,-3.43728,0.31125
-722.123,89.6328,-5.66609,0.31375
373.592,583.302,-7.48338,0.31626
488.003,-520.213,-4.87363,0.31878
-32.2169,676.854,-3.93656,0.32131
-649.106,439.582,-3.86212,0.32385
-741.274,364.752,-4.56397,0.3264
-384.25,717.942,-6.29597,0.32896
687.707,266.79,-7.63235,0.33153
425.845,-636.971,-4.3033,0.33411
-442.09,527.864,-6.06386,0.3367
629.625,408.458,-3.1044,0.3393
-673.039,-202.833,-4.44383,0.34191
-451.766,638.048,-5.47211,0.34453
321.638,729.892,-5.55118,0.34716
433.551,706.536,-6.71441,0.3498
795.479,-69.2409,-7.21159,0.35245
671.02,-475.145,-6.20727,0.35511
773.582,241.233,-5.03902,0.35778
83.1031,796.537,-4.24902,0.36046
-526.559,623.545,-7.39888,0.36315
501.151,-554.157,-7.49085,0.36585
497.986,-661.244,-3.88804,0.36856
-687.293,329.298,-1.27494,0.37128
405.182,-656.456,-4.12248,0.37401
-595.966,492.861,-6.33966,0.37675
763.768,193.587,-6.29367,0.3795
801.175,219.364,-9.19658,0.38226
-686.277,-386.802,-9.3958,0.38503
-790.532,-254.834,-9.14073,0.38781
-705.621,-439.831,-3.71557,0.3906
-794.418,231.18,-2.67027,0.3934
-611.4,-556.526,-3.88383,0.39621
-742.807,363.479,-2.25105,0.39903
-328.005,-758.923,-7.88138,0.40186
205.231,-805.844,-8.93423,0.4047
-598.783,-578.275,-3.6118,0.40755
-817.719,162.008,-4.20205,0.41041
-588.408,589.805,-3.84978,0.41328
-758.242,343.959,-6.58909,0.41616
855.545,-28.4656,-9.33659,0.41905
-806.957,-303.133,-5.60868,0.42195
510.423,699.717,-4.67333,0.42486
-279.275,792.778,-8.57998,0.42778
-362.516,-794.756,-4.04279,0.43071
-685.936,526.99,-5.68039,0.43365
573.17,645.978,-6.28516,0.4366
809.427,210.443,-3.70152,0.43956
-868.407,232.128,-4.60686,0.44253
-285.673,796.553,-5.20413,0.44551
199.336,813.961,-7.70417,0.4485
353.231,-840.965,-3.72375,0.4515
-859.283,311.068,-6.12354,0.45451
851.063,355.369,-4.37859,0.45753
-563.129,701.792,-3.63797,0.46056
-829.127,144.785,-6.28686,0.4636
916.562,231.369,-7.94891,0.46665
94.7341,-896.246,-4.54617,0.46971
-393.084,879.652,-5.70799,0.47278
623.537,606.398,-8.75032,0.47586
-576.075,-787.289,-8.25657,0.47895
-61.2896,-828.984,-7.82978,0.48205
276.308,-791.037,-5.39389,0.48516
331.241,913.923,-3.32779,0.48828
-943.299,-174.577,-5.28174,0.49141
359.912,896.61,-5.90742,0.49455
692.141,464.828,-8.96046,0.4977
-755.853,-675.126,-4.79743,0.50086
-92.4401,985.08,-6.08026,0.50403
834.211,315.211,-6.82604,0.50721
799.328,-281.488,-9.1808,0.5104
-908.867,-431.546,-9.00826,0.5136
-604.869,-545.539,-3.62968,0.51681
-841.032,267.074,-5.45181,0.52003
532.512,809.169,-8.58667,0.52326
-488.613,-961.642,-5.67734,0.5265
670.719,869.777,-5.64292,0.52975
481.056,631.089,-6.05376,0.53301
763.466,370.981,-4.46916,0.53628
-592.979,774.492,-4.83596,0.53956
-56.1907,829.447,-4.67348,0.54285
-291.748,784.33,-4.7758,0.54615
-158.896,817.501,-4.11172,0.54946
-720.458,483.327,-8.55544,0.55278
-277.641,-968.517,-3.85435,0.55611
-837.011,577.693,-3.73251,0.55945
-783.71,199.245,-6.89967,0.5628
1066.45,-361.352,-6.86338,0.56616
744.595,-226.53,-5.20968,0.56953
75.5913,1005.85,-4.48127,0.57291
-497.204,673.267,-7.09747,0.5763
949.96,-637.398,-6.75245,0.5797
790.673,-63.4647,-7.11874,0.58311
689.188,-515.515,-4.84734,0.58653
-283.702,1096.63,-5.19375,0.58996
261.48,756.461,-5.18564,0.5934
140.01,828.868,-3.53873,0.59685
-1033.38,-57.9888,-6.28639,0.60031
1200.57,287.915,-4.69025,0.60378
-566.685,907.008,-8.45667,0.60726
-197.354,-1170.13,-8.69445,0.61075
-499.721,-597.448,-7.18481,0.61425
948.21,-459.744,-5.57657,0.61776
345.084,964.786,-9.22647,0.62128
-998.457,-703.508,-4.92685,0.62481
176.173,1202.27,-6.28101,0.62835
952.838,-8.78699,-3.23613,0.6319
-1259.83,-187.777,-3.81486,0.63546
-643.512,448.642,-3.03469,0.63903
-803.757,-507.891,-3.36247,0.64261
-837.631,71.8822,-2.2763,0.6462
-214.841,-975.713,-8.03271,0.6498
162.156,-788.423,-6.50818,0.65341
1011.71,269.588,-5.5328,0.65703
269.684,834.139,-4.61358,0.66066
-466.228,756.737,-3.41358,0.6643
-934.777,-219.368,-4.57276,0.66795
-167.818,1039.15,-6.17231,0.67161
1039.83,107.334,-4.67826,0.67528
-633.396,991.237,-6.19331,0.67896
1192.1,95.3768,-6.17773,0.68265
645.944,376.028,-7.15163,0.68635
704.982,-716.382,-4.08538,0.69006
-1069.79,889.516,-8.70681,0.69378
-261.298,-1189.11,-8.33273,0.69751
-135.778,-698.555,-3.24555,0.70125
-1035.42,30.8184,-6.26837,0.705
1381.84,307.355,-9.34796,0.70876
-1478.4,-482.01,-6.15507,0.71253
1496.46,593.678,-7.91329,0.71631
-253.438,-1276.06,-3.44024,0.7201
-1024.74,448.137,-5.85886,0.7239
1194.26,567.836,-4.35081,0.72771
-1072.6,701.321,-8.21589,0.73153
275.593,-1355.57,-4.99764,0.73536
-87.9779,1592.17,-5.59709,0.7392
671.496,364.781,-7.14478,0.74305
702.574,-750.022,-3.67483,0.74691
-1344.88,553.441,-5.34407,0.75078
878.201,862.718,-4.37594,0.75466
-975.558,612.881,-6.42811,0.75855
1487.99,-74.4375,-6.78312,0.76245
560.066,-223.245,-7.84053,0.76636
118.87,-1012.24,-8.2387,0.77028
-166.916,-757.215,-6.06546,0.77421
1075.47,837.085,-8.38029,0.77815
-698.21,-1441,-9.04119,0.7821
-640.003,-149.266,-8.13701,0.78606
246.046,-1100.32,-7.74289,0.79003
343.53,-638.65,-3.88461,0.79401
-1178.7,777.493,-3.35089,0.798
