-0.7944,0.0008,0.001,0
-0.783241,0.0024,0.00300889,1e-05
-0.766624,0.00480006,0.00604867,3e-05
-0.744711,0.00800055,0.0101539,6e-05
-0.71772,0.0120025,0.0153707,0.0001
-0.685923,0.0168081,0.0217559,0.00015
-0.649645,0.0224213,0.0293747,0.00021
-0.609252,0.0288487,0.0382994,0.00028
-0.565155,0.0360996,0.0486069,0.00036
-0.517796,0.0441871,0.0603758,0.00045
-0.467648,0.0531283,0.0736834,0.00055
-0.415205,0.0629444,0.0886029,0.00066
-0.360976,0.0736606,0.1052,0.00078
-0.305481,0.0853055,0.123528,0.00091
-0.249242,0.0979105,0.143627,0.00105
-0.192778,0.111508,0.165521,0.0012
-0.136599,0.12613,0.189213,0.00136
-0.0812012,0.141807,0.214684,0.00153
-0.0270607,0.158561,0.241894,0.00171
0.0253705,0.17641,0.270782,0.0019
0.0756694,0.19536,0.301265,0.0021
0.123446,0.215403,0.333243,0.00231
0.168347,0.236517,0.366599,0.00253
0.210058,0.258661,0.401207,0.00276
0.248309,0.281777,0.436934,0.003
0.282872,0.305788,0.473646,0.00325
0.313565,0.330596,0.51121,0.00351
0.340254,0.35609,0.549504,0.00378
0.362848,0.382139,0.588416,0.00406
0.3813,0.408602,0.62785,0.00435
0.395608,0.435326,0.667725,0.00465
0.405805,0.462152,0.707981,0.00496
0.411961,0.488917,0.748574,0.00528
0.414175,0.515457,0.789479,0.00561
0.412572,0.54161,0.830686,0.00595
0.407298,0.567219,0.872202,0.0063
0.398517,0.592132,0.914044,0.00666
0.3864,0.616206,0.956239,0.00703
0.37113,0.639303,0.998824,0.00741
0.352889,0.661296,1.04184,0.0078
0.331864,0.682062,1.08533,0.0082
0.308237,0.70149,1.12933,0.00861
0.282188,0.71947,1.1739,0.00903
0.253891,0.735902,1.21908,0.00946
0.223515,0.750686,1.2649,0.0099
0.191225,0.763729,1.31142,0.01035
0.157179,0.774937,1.35865,0.01081
0.121533,0.78422,1.40664,0.01128
0.0844391,0.791488,1.4554,0.01176
0.0460476,0.796652,1.50498,0.01225
0.00650884,0.799624,1.55538,0.01275
-0.0340257,0.800317,1.60662,0.01326
-0.075402,0.798644,1.65873,0.01378
-0.117462,0.794522,1.7117,0.01431
-0.160042,0.787871,1.76556,0.01485
-0.202974,0.778613,1.82032,0.0154
-0.24608,0.766677,1.87597,0.01596
-0.289176,0.751997,1.93252,0.01653
-0.332069,0.734516,1.98998,0.01711
-0.374557,0.714186,2.04835,0.0177
-0.41643,0.69097,2.10762,0.0183
-0.457469,0.664844,2.16781,0.01891
-0.497447,0.635798,2.22892,0.01953
-0.536129,0.603837,2.29093,0.02016
-0.573275,0.568983,2.35385,0.0208
-0.608638,0.531279,2.41769,0.02145
-0.641968,0.490786,2.48244,0.02211
-0.67301,0.447585,2.5481,0.02278
-0.701511,0.401781,2.61468,0.02346
-0.727216,0.353503,2.68216,0.02415
-0.749876,0.302903,2.75055,0.02485
-0.769243,0.250161,2.81983,0.02556
-0.78508,0.19548,2.89002,0.02628
-0.797158,0.139091,2.96111,0.02701
-0.805264,0.0812503,3.03309,0.02775
-0.809196,0.0222388,3.10597,0.0285
-0.808775,-0.0376364,-3.10345,0.02926
-0.803841,-0.0980442,-3.01892,0.03003
-0.793383,-0.160727,-2.93518,0.03081
-0.777364,-0.224274,-2.85148,0.0316
-0.755767,-0.287663,-2.76737,0.0324
-0.728591,-0.350095,-2.6826,0.03321
-0.695864,-0.410883,-2.59705,0.03403
-0.657651,-0.469403,-2.51064,0.03486
-0.614062,-0.525063,-2.42333,0.0357
-0.565264,-0.577287,-2.33511,0.03655
-0.511481,-0.625514,-2.24597,0.03741
-0.452998,-0.669198,-2.15599,0.03828
-0.390186,-0.707805,-2.06507,0.03916
-0.323442,-0.740841,-1.97322,0.04005
-0.253234,-0.767841,-1.88045,0.04095
-0.18009,-0.788372,-1.78676,0.04186
-0.104599,-0.802051,-1.69216,0.04278
-0.0274042,-0.808545,-1.59666,0.04371
0.0508032,-0.80758,-1.50026,0.04465
0.129287,-0.798952,-1.40296,0.0456
0.207275,-0.782528,-1.30476,0.04656
0.283963,-0.758256,-1.20568,0.04753
0.358525,-0.726169,-1.10571,0.04851
0.430124,-0.68639,-1.00486,0.0495
0.497917,-0.639133,-0.903126,0.0505
0.56107,-0.584711,-0.800518,0.05151
0.618767,-0.523534,-0.697037,0.05253
0.670223,-0.45611,-0.592688,0.05356
0.714694,-0.383042,-0.487473,0.0546
0.751491,-0.305031,-0.381397,0.05565
0.779992,-0.222864,-0.274464,0.05671
0.799653,-0.137415,-0.166677,0.05778
0.810023,-0.0496342,-0.0580391,0.05886
0.81075,0.0394608,0.0514449,0.05995
0.801596,0.128795,0.161772,0.06105
0.782444,0.217248,0.272937,0.06216
0.753307,0.303669,0.384937,0.06328
0.714334,0.386891,0.497769,0.06441
0.665813,0.465748,0.611428,0.06555
0.608178,0.539089,0.72591,0.0667
0.542006,0.605801,0.841212,0.06786
0.468018,0.664826,0.957329,0.06903
0.387073,0.715176,1.07426,0.07021
0.300161,0.755959,1.19199,0.0714
0.208396,0.78639,1.31053,0.0726
0.113003,0.805813,1.42987,0.07381
0.0153041,0.813717,1.55001,0.07503
-0.0832994,0.809751,1.67093,0.07626
-0.181345,0.793734,1.79265,0.0775
-0.27733,0.765671,1.91514,0.07875
-0.369737,0.725757,2.03842,0.08001
-0.457056,0.674382,2.16247,0.08128
-0.537812,0.612137,2.28729,0.08256
-0.610591,0.53981,2.41288,0.08385
-0.674067,0.458378,2.53926,0.08515
-0.727034,0.368994,2.66641,0.08646
-0.768419,0.272989,2.79432,0.08778
-0.797317,0.17185,2.92299,0.08911
-0.81301,0.0671954,3.05242,0.09045
-0.814994,-0.0392449,-3.10059,0.0918
-0.802989,-0.14566,-2.95231,0.09316
-0.773872,-0.256436,-2.80874,0.09453
-0.728889,-0.363943,-2.66552,0.09591
-0.668814,-0.464808,-2.52171,0.0973
-0.594569,-0.556594,-2.37715,0.0987
-0.507416,-0.637153,-2.23182,0.10011
-0.408968,-0.704552,-2.08573,0.10153
-0.301155,-0.757106,-1.93904,0.10296
-0.186244,-0.793414,-1.79151,0.1044
-0.0666051,-0.812433,-1.64323,0.10585
0.0551663,-0.813468,-1.49421,0.10731
0.176351,-0.796217,-1.34444,0.10878
0.294176,-0.760795,-1.19393,0.11026
0.405874,-0.707743,-1.0427,0.11175
0.508757,-0.638032,-0.89074,0.11325
0.60028,-0.553052,-0.738059,0.11476
0.678107,-0.454595,-0.584661,0.11628
0.740181,-0.344818,-0.430552,0.11781
0.784778,-0.226211,-0.275737,0.11935
0.810567,-0.101536,-0.120221,0.1209
0.816651,0.0262295,0.0359915,0.12246
0.802608,0.153962,0.192895,0.12403
0.768515,0.278468,0.350486,0.12561
0.714962,0.396567,0.508757,0.1272
0.64305,0.50517,0.667705,0.1288
0.554381,0.601369,0.827324,0.13041
0.45103,0.682515,0.987608,0.13203
0.3355,0.746301,1.14855,0.13366
0.210673,0.79083,1.31016,0.1353
0.0797358,0.814682,1.47241,0.13695
-0.0538918,0.816962,1.63531,0.13861
-0.186649,0.797346,1.79885,0.14028
-0.314926,0.756098,1.96302,0.14196
-0.435166,0.694088,2.12782,0.14365
-0.543964,0.612774,2.29325,0.14535
-0.638172,0.514187,2.4593,0.14706
-0.714988,0.400878,2.62601,0.14878
-0.772059,0.275848,2.79334,0.15051
-0.807534,0.142512,2.96128,0.15225
-0.820154,0.00458358,3.12984,0.154
-0.809299,-0.134022,-2.98418,0.15576
-0.77502,-0.269297,-2.79186,0.15753
-0.711263,-0.406847,-2.60826,0.15931
-0.623961,-0.530771,-2.42366,0.1611
-0.515135,-0.636973,-2.23844,0.1629
-0.38817,-0.721547,-2.05261,0.16471
-0.247254,-0.781302,-1.86637,0.16653
-0.0972791,-0.81388,-1.67943,0.16836
0.0566763,-0.817885,-1.4919,0.1702
0.209162,-0.792895,-1.30379,0.17205
0.354712,-0.739521,-1.1151,0.17391
0.488027,-0.65941,-0.92583,0.17578
0.604164,-0.555207,-0.73599,0.17766
0.698736,-0.43048,-0.545586,0.17955
0.768081,-0.289605,-0.354624,0.18145
0.809415,-0.137623,-0.163108,0.18336
0.820955,0.0199389,0.0289551,0.18528
0.802006,0.177262,0.22156,0.18721
0.753009,0.328452,0.4147,0.18915
0.67555,0.467763,0.608371,0.1911
0.572317,0.58982,0.802566,0.19306
0.447022,0.689833,0.997279,0.19503
0.304275,0.763791,1.19251,0.19701
0.149421,0.808637,1.38824,0.199
-0.0116509,0.822401,1.58447,0.201
-0.172734,0.8043,1.7812,0.20301
-0.32754,0.754791,1.97842,0.20503
-0.469947,0.67557,2.17613,0.20706
-0.594246,0.569535,2.37431,0.2091
-0.695376,0.440681,2.57302,0.21115
-0.769152,0.293936,2.7722,0.21321
-0.812403,0.135052,2.97186,0.21528
-0.823164,-0.0296826,-3.1112,0.21736
-0.800761,-0.193659,-2.884,0.21945
-0.737703,-0.364382,-2.66938,0.22155
-0.641822,-0.515054,-2.4513,0.22366
-0.514697,-0.642237,-2.23344,0.22578
-0.362852,-0.738914,-2.01499,0.22791
-0.193194,-0.800375,-1.79636,0.23005
-0.0139826,-0.823419,-1.57713,0.2322
0.166385,-0.80672,-1.35752,0.23436
0.339084,-0.750847,-1.13745,0.23653
0.49567,-0.658275,-0.916968,0.23871
0.628376,-0.533311,-0.696062,0.2409
0.730542,-0.381899,-0.474744,0.2431
0.796951,-0.211344,-0.253019,0.24531
0.824109,-0.0299748,-0.0308922,0.24753
0.810443,0.153267,0.191629,0.24976
0.756405,0.329263,0.414539,0.252
0.664471,0.489174,0.637832,0.25425
0.539048,0.624892,0.861501,0.25651
0.386268,0.729456,1.08554,0.25878
0.213702,0.797425,1.30994,0.26106
0.0299877,0.825166,1.5347,0.26335
-0.155597,0.811067,1.75982,0.26565
-0.333604,0.755637,1.98527,0.26796
-0.494896,0.661509,2.21107,0.27028
-0.631125,0.533322,2.4372,0.27261
-0.735168,0.377508,2.66372,0.27495
-0.801521,0.201931,2.89056,0.2773
-0.826557,0.0156161,3.11774,0.27966
-0.808787,-0.171844,-2.93794,0.28203
-0.748937,-0.35069,-2.67983,0.28441
-0.635911,-0.527394,-2.43838,0.2868
-0.48956,-0.665972,-2.18984,0.2892
-0.310407,-0.766093,-1.94376,0.29161
-0.113292,-0.818989,-1.69652,0.29403
0.0914493,-0.821857,-1.44928,0.29646
0.290738,-0.774299,-1.20166,0.2989
0.472484,-0.679021,-0.953791,0.30135
0.625344,-0.541756,-0.705639,0.30381
0.739787,-0.370823,-0.457229,0.30628
0.808585,-0.176701,-0.208559,0.30876
0.827314,0.0286434,0.0403624,0.31125
0.794644,0.232476,0.289529,0.31375
0.712443,0.42209,0.538933,0.31626
0.585688,0.585606,0.78857,0.31878
0.422169,0.712717,1.03843,0.32131
0.23202,0.795351,1.28852,0.32385
0.0270982,0.828194,1.53881,0.3264
-0.179758,0.809041,1.78931,0.32896
-0.375531,0.738955,2.04001,0.33153
-0.547845,0.622221,2.29091,0.33411
-0.68576,0.466091,2.54206,0.3367
-0.780483,0.280291,2.79338,0.3393
-0.825872,0.0765642,3.04492,0.34191
-0.818927,-0.13225,-2.98655,0.34453
-0.759959,-0.332864,-2.70121,0.34716
-0.635927,-0.532211,-2.43646,0.3498
-0.473142,-0.681505,-2.16022,0.35245
-0.269014,-0.784825,-1.89015,0.35511
-0.0487061,-0.828429,-1.6167,0.35778
0.177559,-0.810745,-1.34489,0.36046
0.389612,-0.733001,-1.07196,0.36315
0.573459,-0.600363,-0.799461,0.36585
0.714447,-0.423182,-0.526525,0.36856
0.802415,-0.214147,-0.253662,0.37128
0.830557,0.0108764,0.0194137,0.37401
0.79673,0.235314,0.292524,0.37675
0.703387,0.442273,0.565764,0.3795
0.557407,0.616329,0.839067,0.38226
0.369673,0.744384,1.11246,0.38503
0.154169,0.816822,1.38592,0.38781
-0.0729822,0.828153,1.65945,0.3906
-0.294784,0.777471,1.93304,0.3934
-0.494604,0.668519,2.20668,0.39621
-0.657445,0.509418,2.48037,0.39903
-0.771068,0.312062,2.75417,0.40186
-0.826923,0.0911687,3.02797,0.4047
-0.82075,-0.136625,-2.98131,0.40755
-0.752962,-0.354297,-2.67104,0.41041
-0.608279,-0.568127,-2.38534,0.41328
-0.422978,-0.716918,-2.08294,0.41616
-0.189339,-0.810755,-1.79206,0.41905
0.0518098,-0.831028,-1.49354,0.42195
0.294863,-0.77885,-1.20036,0.42486
0.507988,-0.660031,-0.903466,0.42778
0.679484,-0.481901,-0.609234,0.43071
0.790357,-0.263467,-0.313163,0.43365
0.832988,-0.0205603,-0.018477,0.4366
0.802945,0.223007,0.277134,0.43956
0.702809,0.448006,0.571982,0.44253
0.541783,0.63347,0.86729,0.44551
0.333284,0.764148,1.16215,0.4485
0.0961014,0.828207,1.45722,0.4515
-0.149684,0.820326,1.75199,0.45451
-0.382261,0.7412,2.04684,0.45753
-0.581773,0.597671,2.34148,0.46056
-0.730701,0.402373,2.63618,0.4636
-0.816324,0.17207,2.93068,0.46665
-0.831152,-0.0730152,-3.05798,0.46971
-0.773979,-0.311869,-2.72464,0.47278
-0.627886,-0.55099,-2.41974,0.47586
-0.434265,-0.712863,-2.09233,0.47895
-0.179689,-0.815898,-1.78343,0.48205
0.076152,-0.831537,-1.46012,0.48516
0.338392,-0.76397,-1.1489,0.48828
0.555698,-0.623608,-0.828043,0.49141
0.725179,-0.415337,-0.515482,0.49455
0.817575,-0.17219,-0.196335,0.4977
0.830494,0.0944334,0.116939,0.50086
0.760792,0.345877,0.434821,0.50403
0.613949,0.567416,0.748411,0.50721
0.408688,0.729205,1.0653,0.5104
0.160085,0.820686,1.37894,0.5136
-0.101288,0.82995,1.69499,0.51681
-0.355224,0.757116,2.00852,0.52003
-0.571704,0.610347,2.32383,0.52326
-0.733399,0.402229,2.63719,0.5265
-0.821755,0.156105,2.95186,0.52975
-0.829763,-0.106781,-3.01823,0.53301
-0.756328,-0.357611,-2.66263,0.53628
-0.58166,-0.603947,-2.34067,0.53956
-0.363433,-0.753576,-1.98849,0.54285
-0.0763193,-0.835096,-1.66474,0.54615
0.189588,-0.815131,-1.31567,0.54946
0.461705,-0.700087,-0.990801,0.55278
0.657984,-0.517517,-0.643914,0.55611
0.797554,-0.259504,-0.318373,0.55945
0.837292,0.00647393,0.0267323,0.5628
0.785763,0.293563,0.352547,0.56616
0.651032,0.526829,0.696169,0.56953
0.432992,0.718545,1.02194,0.57291
0.182349,0.817555,1.36432,0.5763
-0.106543,0.83225,1.68979,0.5797
-0.364356,0.754395,2.03111,0.58311
-0.599423,0.587282,2.35605,0.58653
-0.75333,0.366807,2.69657,0.58996
-0.834409,0.0906109,3.02081,0.5934
-0.819033,-0.17717,-2.92251,0.59685
-0.71236,-0.444126,-2.55523,0.60031
-0.502294,-0.674244,-2.20821,0.60378
-0.245914,-0.802128,-1.84127,0.60726
0.0633068,-0.838705,-1.49612,0.61075
0.338879,-0.767466,-1.12948,0.61425
0.59698,-0.592838,-0.786077,0.61776
0.757663,-0.360214,-0.419395,0.62128
0.839538,-0.0588773,-0.0781005,0.62481
0.80954,0.219859,0.288974,0.62835
0.675163,0.502963,0.627718,0.6319
0.47286,0.692731,0.995638,0.63546
0.18532,0.821651,1.33127,0.63903
-0.088054,0.833885,1.70063,0.64261
-0.393184,0.74542,2.0324,0.6462
-0.605166,0.579962,2.40401,0.6498
-0.783339,0.312464,2.73104,0.65341
-0.835947,0.0548757,3.10602,0.65703
-0.799861,-0.269808,-2.85621,0.66066
-0.6765,-0.493032,-2.43009,0.6643
-0.394882,-0.752383,-2.11082,0.66795
-0.164183,-0.818272,-1.67305,0.67161
0.234969,-0.819406,-1.36989,0.67528
0.426955,-0.71465,-0.916295,0.67896
0.73956,-0.430896,-0.634194,0.68265
0.791909,-0.247809,-0.158131,0.68635
0.836312,0.204702,0.0951844,0.69006
0.755819,0.333773,0.603228,0.69378
0.459093,0.737338,0.816696,0.69751
0.356732,0.740304,1.3705,0.70125
-0.198054,0.857663,1.52836,0.705
-0.193268,0.793421,2.14781,0.70876
-0.768399,0.465796,2.22804,0.71253
-0.637482,0.50281,2.94124,0.71631
-0.892848,-0.252089,2.91479,0.7201
-0.810253,0.0269617,-2.52439,0.7239
-0.422339,-0.877338,-2.64255,0.72771
-0.651169,-0.48353,-1.61877,0.73153
0.479292,-0.922359,-1.89149,0.73536
-0.214064,-0.79961,-0.669249,0.7392
1.11437,-0.147674,-1.09412,0.74305
0.377231,-0.768399,0.433131,0.74691
0.720749,1.0128,-0.0877696,0.75078
0.851735,-0.151601,0.885095,0.75466
0.139108,1.09808,0.295036,0.75855
0.90528,0.212982,1.78738,0.76245
-0.878903,0.925338,1.17459,0.76636
0.464649,0.789023,2.84258,0.77028
-1.3232,-0.275273,2.24718,0.77421
-0.432637,0.769987,-2.32788,0.77815
-0.364267,-1.32072,-2.83484,0.7821
-0.821922,-0.124021,-1.13943,0.78606
1.07819,-0.830451,-1.60954,0.79003
-0.151821,-0.799453,0.039937,0.79401
1.16706,0.684244,-0.435733,0.798
