0.972544,1.51465,1,0,0,0
1.12401,1.41739,0.846285,-0.1,-0.0689761,0.069511
1.27949,1.27724,0.748225,-0.2,-0.0397259,0.0526317
1.41387,1.12953,0.632716,-0.3,-0.0376957,0.0651242
1.53162,0.964837,0.523012,-0.4,-0.0277559,0.0657523
1.62985,0.789174,0.411678,-0.5,-0.0197576,0.0689072
1.70781,0.60354,0.301078,-0.6,-0.011224,0.0697506
1.76455,0.410712,0.190445,-0.7,-0.00290268,0.0699792
1.7995,0.212973,0.0800174,-0.8,0.00525694,0.0690951
1.81231,0.0128202,-0.0302875,-0.9,0.0131337,0.0673293
1.80292,-0.187296,-0.140448,-1,0.0206411,0.06468
1.77153,-0.384928,-0.250475,-1.1,0.0276966,0.0612279
1.7186,-0.577679,-0.360369,-1.2,0.0342223,0.0570355
1.64486,-0.763228,-0.470132,-1.3,0.0401492,0.0521794
1.55128,-0.939353,-0.579767,-1.4,0.0454164,0.046739
1.43904,-1.10396,-0.689275,-1.5,0.0499722,0.0407996
1.30958,-1.25511,-0.798659,-1.6,0.0537751,0.0344503
1.16449,-1.39102,-0.907921,-1.7,0.0567937,0.0277828
1.00557,-1.51013,-1.01706,-1.8,0.0590071,0.0208909
0.834766,-1.61105,-1.12608,-1.9,0.0604051,0.0138686
0.654152,-1.69265,-1.23498,-2,0.0609881,0.00680943
0.46591,-1.75401,-1.34377,-2.1,0.0607667,-0.000194803
0.272299,-1.79446,-1.45244,-2.2,0.0597614,-0.00705522
0.0756298,-1.8136,-1.561,-2.3,0.0580022,-0.0136868
-0.121762,-1.81126,-1.66945,-2.4,0.055528,-0.0200096
-0.317545,-1.78753,-1.77779,-2.5,0.0523857,-0.0259491
-0.509419,-1.74275,-1.88602,-2.6,0.0486299,-0.0314376
-0.695139,-1.67751,-1.99414,-2.7,0.0443213,-0.0364145
-0.872545,-1.59264,-2.10216,-2.8,0.0395264,-0.0408272
-1.03958,-1.48919,-2.21007,-2.9,0.0343163,-0.0446312
-1.19433,-1.36841,-2.31788,-3,0.0287659,-0.0477907
-1.33503,-1.23176,-2.42559,-3.1,0.0229524,-0.0502789
-1.46006,-1.08088,-2.53319,3.08319,0.0169548,-0.0520779
-1.56803,-0.917553,-2.6407,2.98319,0.0108527,-0.0531788
-1.65772,-0.743711,-2.74811,2.88319,0.00472524,-0.0535817
-1.72815,-0.561392,-2.85543,2.78319,-0.00134984,-0.0532954
-1.77855,-0.372724,-2.96265,2.68319,-0.00729709,-0.052337
-1.8084,-0.179897,-3.06977,2.58319,-0.0130442,-0.0507318
-1.81741,0.0148585,3.10638,2.48319,-0.018523,-0.0485123
-1.80551,0.209301,2.99944,2.38319,-0.0236699,-0.0457183
-1.77291,0.4012,2.89259,2.28319,-0.0284269,-0.0423957
-1.72002,0.588367,2.78582,2.18319,-0.0327417,-0.0385959
-1.6475,0.768674,2.67915,2.08319,-0.036569,-0.0343755
-1.55623,0.94008,2.57256,1.98319,-0.0398699,-0.0297947
-1.44728,1.10065,2.46605,1.88319,-0.0426133,-0.0249174
-1.32194,1.2486,2.35963,1.78319,-0.0447751,-0.0198094
-1.18167,1.38226,2.2533,1.68319,-0.046339,-0.0145385
-1.02808,1.50015,2.14704,1.58319,-0.0472965,-0.00917293
-0.862963,1.60098,2.04087,1.48319,-0.0476464,-0.00378075
-0.688193,1.68365,1.93478,1.38319,-0.0473952,0.00157087
-0.505767,1.74725,1.82876,1.28319,-0.0465564,0.00681655
-0.317756,1.79113,1.72283,1.18319,-0.0451507,0.0118935
-0.126287,1.81482,1.61697,1.08319,-0.0432051,0.0167419
0.0664826,1.81811,1.51119,0.983185,-0.0407526,0.0213063
0.258389,1.80099,1.40548,0.883185,-0.0378321,0.0255351
0.447284,1.76371,1.29984,0.783185,-0.034487,0.0293823
0.631063,1.70672,1.19428,0.683185,-0.0307655,0.0328069
0.807684,1.63069,1.08879,0.583185,-0.0267192,0.035774
0.975192,1.53652,0.983372,0.483185,-0.0224029,0.0382547
1.13174,1.42529,0.878023,0.383185,-0.0178736,0.0402265
1.27561,1.29826,0.772743,0.283185,-0.01319,0.0416736
1.40522,1.15687,0.667531,0.183185,-0.00841136,0.0425866
1.51918,1.00274,0.562387,0.0831853,-0.00359743,0.0429626
1.61623,0.837569,0.457309,-0.0168147,0.0011928,0.0428055
1.69535,0.663224,0.352297,-0.116815,0.00590159,0.0421252
1.75569,0.481642,0.24735,-0.216815,0.0104731,0.0409379
1.79662,0.294839,0.142466,-0.316815,0.0148541,0.0392657
1.81772,0.104882,0.0376459,-0.416815,0.0189944,0.0371358
1.8188,-0.0861308,-0.0671123,-0.516815,0.0228475,0.0345807
1.79987,-0.2761,-0.171809,-0.616815,0.0263712,0.0316373
1.76118,-0.462941,-0.276445,-0.716815,0.0295278,0.0283467
1.7032,-0.644611,-0.381022,-0.816815,0.0322844,0.0247535
1.62658,-0.819128,-0.485539,-0.916815,0.0346136,0.0209049
1.53219,-0.984596,-0.589998,-1.01681,0.0364933,0.0168508
1.4211,-1.13922,-0.694399,-1.11681,0.0379072,0.0126425
1.29454,-1.28133,-0.798744,-1.21681,0.0388447,0.00833259
1.15392,-1.4094,-0.903033,-1.31681,0.0393009,0.00397388
1.00079,-1.52206,-1.00727,-1.41681,0.0392768,-0.000380902
0.83684,-1.61809,-1.11144,-1.51681,0.0387789,-0.00467985
0.663865,-1.69649,-1.21557,-1.61681,0.0378194,-0.00887245
0.483757,-1.75644,-1.31964,-1.71681,0.0364155,-0.0129102
0.298479,-1.7973,-1.42366,-1.81681,0.0345896,-0.016747
0.110047,-1.81866,-1.52763,-1.91681,0.0323686,-0.0203399
-0.0794955,-1.82033,-1.63154,-2.01681,0.0297837,-0.0236492
-0.268099,-1.80231,-1.73541,-2.11681,0.02687,-0.0266392
-0.453726,-1.76482,-1.83923,-2.21681,0.023666,-0.0292783
-0.63438,-1.70829,-1.94299,-2.31681,0.020213,-0.0315397
-0.808119,-1.63337,-2.04671,-2.41681,0.0165545,-0.0334009
-0.973083,-1.54089,-2.15038,-2.51681,0.0127363,-0.0348448
-1.12751,-1.43185,-2.25401,-2.61681,0.00880499,-0.035859
-1.26975,-1.30746,-2.35758,-2.71681,0.0048082,-0.0364366
-1.39829,-1.16907,-2.46111,-2.81681,0.00079359,-0.0365756
-1.51178,-1.01819,-2.5646,-2.91681,-0.00319152,-0.0362793
-1.60902,-0.856451,-2.66804,-3.01681,-0.00710075,-0.0355558
-1.68897,-0.685593,-2.77143,-3.11681,-0.0108891,-0.0344182
-1.75083,-0.507458,-2.87479,3.06637,-0.0145137,-0.0328843
-1.79393,-0.323962,-2.9781,2.96637,-0.0179337,-0.030976
-1.81785,-0.13707,-3.08136,2.86637,-0.0211115,-0.0287196
-1.82235,0.0512198,3.0986,2.76637,-0.0240124,-0.0261449
-1.80741,0.238897,2.99542,2.66637,-0.0266055,-0.0232851
-1.77321,0.423963,2.89227,2.56637,-0.0288637,-0.0201762
-1.72014,0.60445,2.7891,2.46637,-0.030811,-0.0169846
-1.64875,0.778478,2.68582,2.36637,-0.0324911,-0.0138034
-1.55977,0.944245,2.58276,2.26637,-0.0336023,-0.0101139
-1.45426,1.0999,2.4797,2.16637,-0.0343656,-0.00640755
-1.33332,1.24381,2.3767,2.06637,-0.0346992,-0.00262389
-1.19826,1.37446,2.27373,1.96637,-0.0346424,0.00114516
-1.05054,1.49048,2.1708,1.86637,-0.0341746,0.00487748
-0.891728,1.59065,2.06792,1.76637,-0.0333169,0.00852024
-0.72352,1.67393,1.96507,1.66637,-0.0320749,0.0120361
-0.547708,1.73947,1.86226,1.56637,-0.03047,0.0153836
-0.366159,1.78658,1.75949,1.46637,-0.0285216,0.0185259
-0.180797,1.81478,1.65676,1.36637,-0.0262563,0.0214284
0.00641509,1.82381,1.55406,1.26637,-0.0237022,0.0240595
0.193501,1.81358,1.45141,1.16637,-0.0208917,0.0263914
0.378487,1.78422,1.34878,1.06637,-0.017859,0.0283996
0.559427,1.73607,1.2462,0.966371,-0.014641,0.0300639
0.734419,1.66964,1.14365,0.866371,-0.0112763,0.031368
0.901629,1.58566,1.04114,0.766371,-0.0078045,0.0323001
1.05931,1.48503,0.938655,0.666371,-0.00426635,0.0328526
1.2058,1.36881,0.836208,0.566371,-0.000702814,0.0330223
1.33959,1.23826,0.733795,0.466371,0.00284522,0.0328103
1.45929,1.09474,0.631415,0.366371,0.00633745,0.0322221
1.56364,0.939778,0.529067,0.266371,0.00973456,0.0312675
1.65157,0.775007,0.426751,0.166371,0.0129987,0.02996
1.72217,0.602163,0.324466,0.0663706,0.0160938,0.0283172
1.77473,0.42306,0.222213,-0.0336294,0.0189861,0.0263604
1.8087,0.239577,0.11999,-0.133629,0.0216443,0.0241139
1.82376,0.0536373,0.0177964,-0.233629,0.0240402,0.0216054
1.81975,-0.132816,-0.0843671,-0.333629,0.0261485,0.0188649
1.79673,-0.317835,-0.186502,-0.433629,0.0279476,0.0159251
1.75497,-0.499491,-0.288607,-0.533629,0.0294193,0.0128204
1.69492,-0.675893,-0.390685,-0.633629,0.0305493,0.00958686
1.6172,-0.845206,-0.492735,-0.733629,0.0313273,0.00626166
1.52266,-1.00567,-0.594758,-0.833629,0.0317469,0.0028827
1.41228,-1.15563,-0.696753,-0.933629,0.0318056,-0.000511827
1.28723,-1.29352,-0.798722,-1.03363,0.0315051,-0.00388385
1.14881,-1.41793,-0.900665,-1.13363,0.0308511,-0.00719583
0.998482,-1.52757,-1.00258,-1.23363,0.0298529,-0.0104112
0.837811,-1.62131,-1.10447,-1.33363,0.0285239,-0.0134946
0.668473,-1.69819,-1.20634,-1.43363,0.0268807,-0.0164126
0.492231,-1.75742,-1.30818,-1.53363,0.0249435,-0.0191337
0.310919,-1.79841,-1.41,-1.63363,0.0227354,-0.0216287
0.126421,-1.82074,-1.5118,-1.73363,0.0202826,-0.0238713
-0.059351,-1.82419,-1.61357,-1.83363,0.0176134,-0.0258379
-0.24447,-1.80874,-1.71532,-1.93363,0.0147587,-0.0275083
-0.427022,-1.77457,-1.81704,-2.03363,0.011751,-0.0288656
-0.605117,-1.72203,-1.91874,-2.13363,0.00862424,-0.0298964
-0.776918,-1.65169,-2.02042,-2.23363,0.00541367,-0.030591
-0.940652,-1.56428,-2.12208,-2.33363,0.00215505,-0.0309434
-1.09463,-1.46071,-2.22372,-2.43363,-0.00111548,-0.0309514
-1.23727,-1.34208,-2.32533,-2.53363,-0.00436188,-0.0306166
-1.36711,-1.2096,-2.42693,-2.63363,-0.00754858,-0.0299444
-1.48281,-1.06466,-2.5285,-2.73363,-0.0106409,-0.0289435
-1.58319,-0.908761,-2.63005,-2.83363,-0.0136052,-0.0276266
-1.66722,-0.743515,-2.73159,-2.93363,-0.0164098,-0.0260095
-1.73405,-0.570631,-2.8331,-3.03363,-0.0190245,-0.0241111
-1.783,-0.391895,-2.93459,-3.13363,-0.0214215,-0.0219536
-1.81356,-0.209151,-3.03607,3.04956,-0.0235757,-0.0195615
-1.82545,-0.0242839,-3.13752,2.94956,-0.0254645,-0.016962
-1.81854,0.160803,3.04422,2.84956,-0.0270684,-0.0141843
-1.79292,0.344206,2.94281,2.74956,-0.028371,-0.0112593
-1.74887,0.524039,2.84141,2.64956,-0.0293594,-0.00821954
-1.68683,0.698455,2.74002,2.54956,-0.030024,-0.00509847
-1.60747,0.865666,2.63866,2.44956,-0.0303588,-0.00193034
-1.5116,1.02396,2.53731,2.34956,-0.0303614,0.00125026
-1.40022,1.1717,2.43598,2.24956,-0.0300331,0.00440879
-1.27448,1.3074,2.33467,2.14956,-0.0293786,0.00751107
-1.13568,1.42966,2.23338,2.04956,-0.0284062,0.0105237
-0.985245,1.53723,2.1321,1.94956,-0.0271274,0.0134144
-0.824726,1.62902,2.03083,1.84956,-0.0255572,0.0161524
-0.655772,1.70409,1.92959,1.74956,-0.0237134,0.0187085
-0.48012,1.76168,1.82836,1.64956,-0.021617,0.0210558
-0.299573,1.80121,1.72714,1.54956,-0.0192914,0.0231697
-0.115981,1.82229,1.62595,1.44956,-0.0167623,0.0250281
0.0687741,1.8247,1.52476,1.34956,-0.0140577,0.0266118
0.252801,1.80844,1.42359,1.24956,-0.0112071,0.0279046
0.434216,1.77367,1.32244,1.14956,-0.0082417,0.0288935
0.611166,1.72075,1.2213,1.04956,-0.00519367,0.0295689
0.781842,1.65025,1.12018,0.949556,-0.00209598,0.0299244
0.944503,1.56287,1.01907,0.849556,0.00101802,0.0299571
1.09749,1.45954,0.917974,0.749556,0.0041149,0.0296675
1.23924,1.3413,0.816893,0.649556,0.00716154,0.0290598
1.36832,1.20937,0.715826,0.549556,0.0101255,0.0281412
1.4834,1.06511,0.614773,0.449556,0.0129753,0.0269225
1.58333,0.909994,0.513732,0.349556,0.0156808,0.0254174
1.66708,0.745604,0.412706,0.249556,0.0182135,0.0236429
1.73382,0.573624,0.311692,0.149556,0.0205468,0.0216184
1.78285,0.395811,0.210691,0.0495559,0.0226563,0.0193663
1.8137,0.213982,0.109704,-0.0504441,0.0245203,0.0169111
1.82605,0.0299906,0.00872848,-0.150444,0.0261193,0.0142795
1.81979,-0.154286,-0.0922342,-0.250444,0.027437,0.0114998
1.79498,-0.336971,-0.193185,-0.350444,0.0284602,0.00860203
1.75188,-0.516203,-0.294123,-0.450444,0.0291786,0.00561716
1.69095,-0.690159,-0.395049,-0.550444,0.0295853,0.00257711
1.6128,-0.857068,-0.495963,-0.650444,0.0296767,-0.000485747
1.51823,-1.01523,-0.596866,-0.750444,0.0294526,-0.00353889
1.40823,-1.16305,-0.697757,-0.850444,0.0289159,-0.00654998
1.2839,-1.29902,-0.798637,-0.950444,0.0280732,-0.00948725
1.14653,-1.42175,-0.899505,-1.05044,0.0269339,-0.0123198
0.997506,-1.53002,-1.00036,-1.15044,0.0255106,-0.0150178
0.838353,-1.62271,-1.10121,-1.25044,0.0238192,-0.0175532
0.670691,-1.6989,-1.20204,-1.35044,0.0218778,-0.0198994
0.496228,-1.75781,-1.30287,-1.45044,0.0197076,-0.022032
0.316738,-1.79885,-1.40368,-1.55044,0.0173319,-0.0239291
0.134046,-1.82162,-1.50449,-1.65044,0.0147761,-0.025571
-0.0499915,-1.82587,-1.60528,-1.75044,0.0120674,-0.026941
-0.233505,-1.81158,-1.70606,-1.85044,0.00923476,-0.0280251
-0.414631,-1.7789,-1.80684,-1.95044,0.00630809,-0.0288125
-0.591532,-1.72816,-1.9076,-2.05044,0.00331837,-0.0292954
-0.762415,-1.65989,-2.00835,-2.15044,0.000297124,-0.0294694
-0.925546,-1.57478,-2.1091,-2.25044,-0.00272386,-0.029333
-1.07927,-1.4737,-2.20983,-2.35044,-0.00571287,-0.0288883
-1.22204,-1.35767,-2.31056,-2.45044,-0.00863862,-0.0281405
-1.3524,-1.22789,-2.41127,-2.55044,-0.0114705,-0.027098
-1.46904,-1.08567,-2.51198,-2.65044,-0.0141791,-0.025772
-1.57078,-0.932451,-2.61268,-2.75044,-0.0167361,-0.0241771
-1.65658,-0.769794,-2.71337,-2.85044,-0.0191151,-0.0223303
-1.72559,-0.599348,-2.81405,-2.95044,-0.0212915,-0.0202513
-1.77712,-0.422842,-2.91472,-3.05044,-0.0232428,-0.0179622
-1.81063,-0.242066,-3.01538,3.13274,-0.0249489,-0.0154873
-1.8258,-0.0588519,-3.11603,3.03274,-0.0263925,-0.0128527
-1.82249,0.124945,3.0665,2.93274,-0.0275588,-0.0100861
-1.80072,0.307464,2.96587,2.83274,-0.0284361,-0.00721665
-1.76072,0.486857,2.86524,2.73274,-0.0290156,-0.00427433
-1.7029,0.661309,2.76462,2.63274,-0.0292918,-0.00128994
-1.62785,0.829057,2.664,2.53274,-0.0292621,0.00170536
-1.53634,0.988404,2.5634,2.43274,-0.0289274,0.00468038
-1.42929,1.13774,2.4628,2.33274,-0.0282914,0.00760419
-1.30779,1.27556,2.36221,2.23274,-0.0273613,0.0104464
-1.17307,1.40047,2.26163,2.13274,-0.026147,0.0131777
-1.02649,1.51121,2.16105,2.03274,-0.0246615,0.0157696
-0.869551,1.60666,2.06048,1.93274,-0.0229207,0.0181956
-0.703829,1.68586,1.95992,1.83274,-0.020943,0.0204306
-0.531003,1.74802,1.85937,1.73274,-0.018749,0.0224517
-0.352821,1.79251,1.75882,1.63274,-0.016362,0.0242381
-0.171085,1.81889,1.65828,1.53274,-0.0138067,0.0257717
0.0123689,1.82688,1.55775,1.43274,-0.01111,0.0270367
0.195687,1.81642,1.45723,1.33274,-0.00829991,0.0280205
0.377017,1.78762,1.35671,1.23274,-0.00540566,0.0287131
0.554529,1.74076,1.2562,1.13274,-0.0024573,0.0291078
0.726432,1.67633,1.15569,1.03274,0.000514584,0.0292007
0.890991,1.59498,1.05519,0.932741,0.00347925,0.0289912
1.04655,1.49753,0.954698,0.832741,0.00640605,0.0284819
1.19153,1.38497,0.854211,0.732741,0.00926479,0.0276783
1.32448,1.25844,0.753731,0.632741,0.012026,0.0265889
1.44406,1.11922,0.653256,0.532741,0.0146613,0.0252254
1.54906,0.968714,0.552788,0.432741,0.0171436,0.0236022
1.63843,0.808442,0.452326,0.332741,0.0194474,0.0217361
1.71126,0.640024,0.35187,0.232741,0.0215492,0.0196466
1.76684,0.465158,0.25142,0.132741,0.0234274,0.0173557
1.80459,0.285611,0.150975,0.0327412,0.025063,0.0148869
1.82414,0.103192,0.050536,-0.0672588,0.0264393,0.012266
1.8253,-0.0802579,-0.0498974,-0.167259,0.0275424,0.00952004
1.80806,-0.26289,-0.150325,-0.267259,0.0283612,0.00667743
1.7726,-0.442863,-0.250748,-0.367259,0.0288875,0.0037675
1.71927,-0.618364,-0.351164,-0.467259,0.0291162,0.000820225
1.64861,-0.787625,-0.451576,-0.567259,0.0290451,-0.00213404
1.56135,-0.948942,-0.551982,-0.667259,0.0286752,-0.00506493
1.45836,-1.10069,-0.652384,-0.767259,0.0280106,-0.00794235
1.34068,-1.24134,-0.75278,-0.867259,0.0270585,-0.0107368
1.2095,-1.36948,-0.853171,-0.967259,0.0258287,-0.0134196
1.06615,-1.48383,-0.953557,-1.06726,0.0243341,-0.0159634
0.912063,-1.58322,-1.05394,-1.16726,0.0225903,-0.0183421
0.748799,-1.66666,-1.15431,-1.26726,0.0206153,-0.0205314
0.578001,-1.73332,-1.25469,-1.36726,0.0184297,-0.0225092
0.401391,-1.78253,-1.35505,-1.46726,0.0160559,-0.0242552
0.220747,-1.81378,-1.45541,-1.56726,0.0135184,-0.0257518
0.0378881,-1.82678,-1.55577,-1.66726,0.0108434,-0.0269837
-0.145345,-1.82139,-1.65612,-1.76726,0.00805825,-0.0279386
-0.327107,-1.79767,-1.75647,-1.86726,0.00519169,-0.0286068
-0.505571,-1.75586,-1.85682,-1.96726,0.00227305,-0.0289818
-0.67894,-1.69638,-1.95715,-2.06726,-0.000667751,-0.02906
-0.845472,-1.61983,-2.05749,-2.16726,-0.00360062,-0.0288406
-1.00349,-1.52699,-2.15782,-2.26726,-0.00649557,-0.0283262
-1.15141,-1.4188,-2.25815,-2.36726,-0.00932302,-0.0275222
-1.28774,-1.29633,-2.35847,-2.46726,-0.0120541,-0.026437
-1.41111,-1.16083,-2.45879,-2.56726,-0.014661,-0.0250819
-1.52029,-1.01366,-2.5591,-2.66726,-0.0171172,-0.0234709
-1.61417,-0.856302,-2.65941,-2.76726,-0.0193976,-0.0216207
-1.69182,-0.690339,-2.75972,-2.86726,-0.0214791,-0.0195501
-1.75246,-0.51744,-2.86002,-2.96726,-0.0233406,-0.0172806
-1.79547,-0.339344,-2.96032,-3.06726,-0.0249632,-0.0148354
-1.82043,-0.157842,-3.06061,3.11593,-0.0263305,-0.0122396
-1.82709,0.0252395,3.12228,3.01593,-0.0274287,-0.00951966
-1.81539,0.208062,3.02199,2.91593,-0.0282467,-0.00670345
-1.78544,0.388787,2.92171,2.81593,-0.0287764,-0.00381971
-1.73754,0.565599,2.82143,2.71593,-0.0290125,-0.000897882
-1.67219,0.736722,2.72115,2.61593,-0.0289528,0.00203225
-1.59004,0.900436,2.62088,2.51593,-0.0285981,0.00494083
-1.49191,1.0551,2.52061,2.41593,-0.0279521,0.00779825
-1.37879,1.19915,2.42035,2.31593,-0.0270216,0.0105754
-1.25183,1.33116,2.32008,2.21593,-0.0258161,0.0132442
-1.11229,1.44979,2.21982,2.11593,-0.0243481,0.0157774
-0.961586,1.55385,2.11957,2.01593,-0.0226327,0.0181493
-0.801226,1.6423,2.01932,1.91593,-0.0206874,0.0203359
-0.632824,1.71425,1.91907,1.81593,-0.0185321,0.022315
-0.458071,1.76899,1.81882,1.71593,-0.0161888,0.0240667
-0.278722,1.80595,1.71858,1.61593,-0.0136816,0.0255732
-0.0965799,1.82479,1.61834,1.51593,-0.0110358,0.0268193
0.0865274,1.82529,1.5181,1.41593,-0.00827844,0.0277925
0.268761,1.80748,1.41787,1.31593,-0.00543762,0.028483
0.448292,1.77151,1.31764,1.21593,-0.00254222,0.028884
0.623317,1.71776,1.21741,1.11593,0.00037834,0.0289914
0.792081,1.64677,1.11718,1.01593,0.0032944,0.0288044
0.952889,1.55925,1.01696,0.915927,0.00617637,0.0283249
1.10413,1.45608,0.916744,0.815927,0.008995,0.0275579
1.24428,1.3383,0.816527,0.715927,0.0117217,0.0265114
1.37195,1.20709,0.716314,0.615927,0.0143289,0.0251961
1.48584,1.06377,0.616103,0.515927,0.0167902,0.0236254
1.58481,0.909779,0.515895,0.415927,0.0190806,0.0218154
1.66789,0.746662,0.415689,0.315927,0.0211771,0.0197845
1.73422,0.576055,0.315486,0.215927,0.0230584,0.0175533
1.78315,0.399673,0.215286,0.115927,0.0247055,0.0151447
1.81419,0.219285,0.115088,0.0159265,0.0261019,0.0125829
1.82703,0.0367008,0.0148931,-0.0840735,0.0272335,0.00989418
1.82154,-0.146247,-0.0852996,-0.184073,0.028089,0.00710566
1.79778,-0.327725,-0.18549,-0.284073,0.0286597,0.00424566
1.75599,-0.505911,-0.285678,-0.384073,0.02894,0.00134317
1.69658,-0.679018,-0.385863,-0.484073,0.0289271,-0.0015724
1.62016,-0.845312,-0.486046,-0.584073,0.0286213,-0.00447154
1.52749,-1.00312,-0.586227,-0.684073,0.0280258,-0.00732491
1.4195,-1.15087,-0.686405,-0.784073,0.0271468,-0.0101037
1.29728,-1.28708,-0.786581,-0.884073,0.0259931,-0.0127797
1.16205,-1.41037,-0.886755,-0.984073,0.0245766,-0.0153259
1.01517,-1.51952,-0.986927,-1.08407,0.0229116,-0.0177167
0.858119,-1.61343,-1.0871,-1.18407,0.0210151,-0.0199279
0.692464,-1.69116,-1.18726,-1.28407,0.0189064,-0.0219371
0.51987,-1.75194,-1.28743,-1.38407,0.0166068,-0.0237242
0.342066,-1.79515,-1.38759,-1.48407,0.0141397,-0.0252712
0.160836,-1.82036,-1.48775,-1.58407,0.0115299,-0.0265624
-0.0220022,-1.82732,-1.58791,-1.68407,0.00880405,-0.0275849
-0.204617,-1.81597,-1.68807,-1.78407,0.00598957,-0.0283285
-0.385178,-1.78641,-1.78822,-1.88407,0.00311497,-0.0287857
-0.561874,-1.73894,-1.88838,-1.98407,0.000209297,-0.028952
-0.732936,-1.67405,-1.98853,-2.08407,-0.00269808,-0.0288258
-0.896648,-1.59238,-2.08868,-2.18407,-0.00557781,-0.0284084
-1.05137,-1.49475,-2.18882,-2.28407,-0.00840081,-0.0277042
-1.19556,-1.38214,-2.28897,-2.38407,-0.0111386,-0.0267203
-1.32776,-1.25568,-2.38911,-2.48407,-0.0137636,-0.0254667
-1.44665,-1.11664,-2.48925,-2.58407,-0.0162492,-0.0239562
-1.55104,-0.966414,-2.58939,-2.68407,-0.0185706,-0.0222041
-1.63989,-0.806505,-2.68953,-2.78407,-0.0207042,-0.020228
-1.71231,-0.638518,-2.78967,-2.88407,-0.0226286,-0.0180481
-1.76757,-0.464136,-2.8898,-2.98407,-0.0243244,-0.0156863
-1.80511,-0.285106,-2.98993,-3.08407,-0.0257746,-0.0131666
-1.82458,-0.103222,-3.09007,3.09911,-0.0269647,-0.0105143
-1.82576,0.0796936,3.09299,2.99911,-0.0278826,-0.0077563
-1.80865,0.261808,2.99286,2.89911,-0.0285192,-0.00492036
-1.77342,0.441297,2.89274,2.79911,-0.0288681,-0.00203513
-1.72043,0.616362,2.79261,2.69911,-0.0289259,0.000870295
-1.6502,0.785251,2.69249,2.59911,-0.0286921,0.00376663
-1.56344,0.946272,2.59237,2.49911,-0.028169,0.00662468
-1.46103,1.09781,2.49225,2.39911,-0.0273621,0.00941565
-1.34398,1.23835,2.39213,2.29911,-0.0262795,0.0121114
-1.21347,1.36649,2.29201,2.19911,-0.0249321,0.0146849
-1.07081,1.48094,2.1919,2.09911,-0.0233337,0.0171101
-0.917427,1.58055,2.09178,1.99911,-0.0215003,0.0193627
-0.754858,1.66434,1.99167,1.89911,-0.0194506,0.02142
-0.584731,1.73145,1.89156,1.79911,-0.0172051,0.0232613
-0.408751,1.78123,1.79145,1.69911,-0.0147865,0.0248682
-0.228679,1.81316,1.69134,1.59911,-0.0122192,0.0262244
-0.0463195,1.82694,1.59124,1.49911,-0.00952914,0.0273165
0.136502,1.82242,1.49113,1.39911,-0.00674336,0.0281333
0.317954,1.79966,1.39103,1.29911,-0.00388994,0.0286669
0.49622,1.75888,1.29092,1.19911,-0.00099762,0.0289118
0.669516,1.70048,1.19082,1.09911,0.00190449,0.0288657
0.836106,1.62506,1.09072,0.999112,0.00478718,0.028529
0.994323,1.53337,0.990625,0.899112,0.00762144,0.0279053
1.14258,1.42633,0.890527,0.799112,0.0103788,0.0270007
1.2794,1.30501,0.790431,0.699112,0.0130314,0.0258246
1.40341,1.17062,0.690336,0.599112,0.0155527,0.0243887
1.51337,1.02452,0.590242,0.499112,0.0179174,0.0227076
1.60817,0.868162,0.49015,0.399112,0.0201016,0.0207981
1.68688,0.703116,0.390058,0.299112,0.0220835,0.0186796
1.7487,0.531032,0.289968,0.199112,0.023843,0.0163734
1.79301,0.353635,0.189879,0.0991118,0.0253627,0.0139027
1.81938,0.172699,0.0897909,-0.000888157,0.0266271,0.0112924
1.82753,-0.00996363,-0.0102959,-0.100888,0.0276238,0.00856867
1.81739,-0.192525,-0.110382,-0.200888,0.0283426,0.00575902
1.78906,-0.373157,-0.210466,-0.300888,0.0287764,0.00289168
1.74282,-0.550052,-0.31055,-0.400888,0.0289208,-4.53575e-06
1.67914,-0.721441,-0.410632,-0.500888,0.0287746,-0.0029005
1.59865,-0.885607,-0.510714,-0.600888,0.0283391,-0.00576711
1.50217,-1.04091,-0.610794,-0.700888,0.0276188,-0.00857556
1.39065,-1.18579,-0.710873,-0.800888,0.026621,-0.0112976
1.26521,-1.3188,-0.810952,-0.900888,0.0253557,-0.013906
1.12711,-1.43862,-0.911029,-1.00089,0.0238358,-0.0163744
0.97774,-1.54403,-1.01111,-1.10089,0.0220764,-0.0186782
0.818582,-1.634,-1.11118,-1.20089,0.0200953,-0.0207942
0.651233,-1.70761,-1.21126,-1.30089,0.0179125,-0.0227011
0.477368,-1.76413,-1.31133,-1.40089,0.0155498,-0.0243798
0.298729,-1.803,-1.4114,-1.50089,0.0130312,-0.0258136
0.117101,-1.82382,-1.51147,-1.60089,0.0103817,-0.026988
-0.0656967,-1.8264,-1.61154,-1.70089,0.00762818,-0.0278912
-0.247836,-1.8107,-1.71161,-1.80089,0.00479818,-0.0285143
-0.427494,-1.77688,-1.81168,-1.90089,0.00192016,-0.028851
-0.602872,-1.72528,-1.91175,-2.00089,-0.000976972,-0.028898
-0.772218,-1.65642,-2.01182,-2.10089,-0.00386414,-0.0286548
-0.933836,-1.57099,-2.11188,-2.20089,-0.00671234,-0.0281239
-1.08611,-1.46984,-2.21195,-2.30089,-0.009493,-0.0273106
-1.22751,-1.35399,-2.31201,-2.40089,-0.0121782,-0.0262233
-1.35664,-1.22459,-2.41208,-2.50089,-0.014741,-0.0248727
-1.47219,-1.08294,-2.51214,-2.60089,-0.0171557,-0.0232726
-1.57301,-0.930451,-2.6122,-2.70089,-0.0193981,-0.0214389
-1.65809,-0.768659,-2.71226,-2.80089,-0.0214457,-0.0193901
-1.72658,-0.599178,-2.81232,-2.90089,-0.0232779,-0.0171469
-1.7778,-0.423703,-2.91238,-3.00089,-0.0248765,-0.0147316
-1.81123,-0.243991,-3.01244,-3.10089,-0.0262253,-0.0121687
-1.82655,-0.0618398,-3.1125,3.0823,-0.0273109,-0.00948377
-1.82359,0.120929,3.07063,2.9823,-0.0281224,-0.0067038
-1.80239,0.302487,2.97057,2.8823,-0.0286517,-0.00385671
-1.76316,0.481018,2.87051,2.7823,-0.0288935,-0.00097105
-1.70629,0.654736,2.77046,2.6823,-0.0288454,0.00192422
-1.63236,0.821904,2.6704,2.5823,-0.028508,0.00480005
-1.5421,0.980849,2.57035,2.4823,-0.0278846,0.00762761
-1.43641,1.12998,2.4703,2.3823,-0.0269815,0.0103785
-1.31635,1.26781,2.37024,2.2823,-0.0258078,0.0130252
-1.18313,1.39296,2.27019,2.1823,-0.0243753,0.0155412
-1.03808,1.50417,2.17014,2.0823,-0.0226984,0.0179012
-0.882643,1.60034,2.07009,1.9823,-0.0207939,0.0200815
-0.718379,1.6805,1.97004,1.8823,-0.018681,0.0220604
-0.546931,1.74385,1.86999,1.7823,-0.0163809,0.0238179
-0.370013,1.78976,1.76994,1.6823,-0.0139165,0.0253366
-0.189395,1.81777,1.66989,1.5823,-0.0113127,0.0266012
-0.00688469,1.8276,1.56985,1.4823,-0.00859564,0.0275989
0.175694,1.81915,1.4698,1.3823,-0.00579245,0.02832
0.356514,1.7925,1.36975,1.2823,-0.00293129,0.028757
0.533768,1.74793,1.26971,1.1823,-4.08562e-05,0.0289058
0.705683,1.68588,1.16966,1.0823,0.00284988,0.0287648
0.87054,1.60697,1.06962,0.982297,0.00571195,0.0283354
1.02669,1.51198,0.969574,0.882297,0.00851666,0.027622
1.17257,1.40188,0.86953,0.782297,0.0112359,0.0266318
1.30672,1.27776,0.769487,0.682297,0.0138424,0.0253747
1.42781,1.14085,0.669445,0.582297,0.0163101,0.0238632
1.53462,0.992546,0.569403,0.482297,0.0186143,0.0221127
1.62607,0.834312,0.469362,0.382297,0.0207318,0.0201406
1.70127,0.667736,0.369321,0.282297,0.0226415,0.0179667
1.75946,0.494483,0.269281,0.182297,0.0243242,0.0156129
1.80005,0.316285,0.169242,0.0822972,0.0257631,0.0131027
1.82264,0.134926,0.0692025,-0.0177028,0.0269439,0.0104612
1.827,-0.0477811,-0.0308361,-0.117703,0.0278546,0.00771504
1.81309,-0.23001,-0.130874,-0.217703,0.0284861,0.00489164
1.78106,-0.409938,-0.230912,-0.317703,0.0288323,0.00201931
1.73121,-0.585767,-0.330949,-0.417703,0.0288895,-0.000873168
1.66406,-0.755737,-0.430986,-0.517703,0.0286573,-0.00375681
1.58026,-0.918149,-0.531022,-0.617703,0.0281381,-0.00660273
1.48066,-1.07138,-0.631058,-0.717703,0.0273369,-0.00938243
1.36626,-1.2139,-0.731093,-0.817703,0.026262,-0.0120681
1.2382,-1.34428,-0.831128,-0.917703,0.0249239,-0.0146327
1.09776,-1.46122,-0.931162,-1.0177,0.0233363,-0.0170507
0.946342,-1.56354,-1.0312,-1.1177,0.0215149,-0.0192979
0.785463,-1.65024,-1.13123,-1.2177,0.0194781,-0.0213517
0.616731,-1.72043,-1.23126,-1.3177,0.0172463,-0.0231916
0.441833,-1.77342,-1.3313,-1.4177,0.0148417,-0.0247991
0.262519,-1.80868,-1.43133,-1.5177,0.0122886,-0.0261583
0.0805799,-1.82586,-1.53136,-1.6177,0.00961251,-0.0272554
-0.102164,-1.82478,-1.63139,-1.7177,0.00684019,-0.0280795
-0.283886,-1.80545,-1.73142,-1.8177,0.00399944,-0.0286225
-0.462768,-1.76808,-1.83145,-1.9177,0.0011187,-0.0288787
-0.637024,-1.71302,-1.93148,-2.0177,-0.00177317,-0.0288458
-0.80491,-1.64085,-2.03151,-2.1177,-0.00464721,-0.028524
-0.964748,-1.55226,-2.13154,-2.2177,-0.00747465,-0.0279166
-1.11494,-1.44816,-2.23157,-2.3177,-0.0102272,-0.0270297
-1.25398,-1.32958,-2.3316,-2.4177,-0.0128773,-0.0258722
-1.38049,-1.19771,-2.43163,-2.5177,-0.0153983,-0.0244556
-1.4932,-1.05386,-2.53166,-2.6177,-0.0177652,-0.0227942
-1.59097,-0.899479,-2.63168,-2.7177,-0.0199541,-0.0209047
-1.67285,-0.736106,-2.73171,-2.8177,-0.0219432,-0.0188059
-1.73799,-0.565374,-2.83174,-2.9177,-0.0237126,-0.0165188
-1.78576,-0.38899,-2.93177,-3.0177,-0.0252445,-0.0140664
-1.81568,-0.208718,-3.03179,-3.1177,-0.0265237,-0.0114733
-1.82745,-0.0263602,-3.13182,3.06548,-0.0275373,-0.00876535
-1.82095,0.156261,3.05134,2.96548,-0.0282753,-0.00596971
-1.79624,0.337319,2.95132,2.86548,-0.0287302,-0.00311437
-1.75358,0.515005,2.85129,2.76548,-0.0288975,-0.000227909
-1.69339,0.687542,2.75127,2.66548,-0.0287755,0.00266077
-1.61627,0.853205,2.65124,2.56548,-0.0283655,0.00552277
-1.52299,1.01034,2.55122,2.46548,-0.0276716,0.00832943
-1.41449,1.15737,2.4512,2.36548,-0.0267008,0.0110527
-1.29185,1.29283,2.35117,2.26548,-0.0254627,0.0136652
-1.15629,1.41537,2.25115,2.16548,-0.0239697,0.016141
-1.00918,1.52376,2.15113,2.06548,-0.0222369,0.0184551
-0.851974,1.61692,2.0511,1.96548,-0.0202816,0.0205845
-0.686256,1.69391,1.95108,1.86548,-0.0181234,0.0225079
-0.513679,1.75397,1.85106,1.76548,-0.0157838,0.024206
-0.335967,1.7965,1.75104,1.66548,-0.0132863,0.0256618
-0.154897,1.82107,1.65102,1.56548,-0.0106558,0.0268607
0.0277211,1.82744,1.551,1.46548,-0.00791879,0.0277909
0.210061,1.81554,1.45097,1.36548,-0.00510256,0.0284429
0.390302,1.78549,1.35095,1.26548,-0.00223532,0.0288103
0.56664,1.73759,1.25093,1.16548,0.000654246,0.0288894
0.737314,1.67233,1.15091,1.06548,0.00353722,0.0286794
0.900617,1.59034,1.05089,0.965482,0.00638475,0.0281824
1.05492,1.49247,0.950874,0.865482,0.00916836,0.0274035
1.19867,1.37967,0.850855,0.765482,0.0118602,0.0263503
1.33045,1.25308,0.750836,0.665482,0.0144333,0.0250336
1.44892,1.11397,0.650817,0.565482,0.016862,0.0234663
1.55291,0.963726,0.550798,0.465482,0.0191219,0.0216643
1.64138,0.803847,0.45078,0.365482,0.0211904,0.0196456
1.71345,0.635934,0.350762,0.265482,0.023047,0.0174304
1.76838,0.461665,0.250744,0.165482,0.0246729,0.0150408
1.80564,0.282782,0.150726,0.0654825,0.0260519,0.0125007
1.82486,0.101072,0.0507089,-0.0345175,0.0271703,0.00983563
1.82583,-0.0816468,-0.0493083,-0.134518,0.0280169,0.00707218
1.80855,-0.26355,-0.149325,-0.234518,0.0285832,0.00423802
1.7732,-0.442818,-0.249342,-0.334518,0.0288635,0.0013615
1.72012,-0.61766,-0.349359,-0.434518,0.028855,-0.0015286
1.64985,-0.786328,-0.449375,-0.534518,0.0285579,-0.00440338
1.56309,-0.947136,-0.549391,-0.634518,0.0279752,-0.00723407
1.46071,-1.09848,-0.649407,-0.734518,0.0271126,-0.00999235
1.34373,-1.23884,-0.749423,-0.834518,0.0259787,-0.0126507
1.21331,-1.36682,-0.849438,-0.934518,0.0245851,-0.0151824
1.07078,-1.48114,-0.949453,-1.03452,0.0229455,-0.0175622
0.917534,-1.58065,-1.04947,-1.13452,0.0210764,-0.0197663
0.755122,-1.66437,-1.14948,-1.23452,0.0189965,-0.0217727
0.585164,-1.73145,-1.2495,-1.33452,0.0167267,-0.0235613
0.409357,-1.78122,-1.34951,-1.43452,0.0142895,-0.0251142
0.229459,-1.8132,-1.44953,-1.53452,0.0117095,-0.0264158
0.0472685,-1.82705,-1.54954,-1.63452,0.00901234,-0.0274533
-0.135395,-1.82264,-1.64956,-1.73452,0.00622509,-0.0282161
-0.316704,-1.80001,-1.74957,-1.83452,0.0033756,-0.0286967
-0.494848,-1.75939,-1.84958,-1.93452,0.000492386,-0.0288903
-0.668046,-1.70119,-1.9496,-2.03452,-0.00239572,-0.028795
-0.834567,-1.62599,-2.04961,-2.13452,-0.00525984,-0.0284116
-0.992747,-1.53453,-2.14962,-2.23452,-0.00807133,-0.0277442
-1.141,-1.42774,-2.24964,-2.33452,-0.0108021,-0.0267992
-1.27786,-1.30668,-2.34965,-2.43452,-0.0134247,-0.0255862
-1.40194,-1.17256,-2.44966,-2.53452,-0.0159131,-0.0241174
-1.51201,-1.02673,-2.54967,-2.63452,-0.0182423,-0.0224073
-1.60697,-0.870627,-2.64969,-2.73452,-0.0203891,-0.0204732
-1.68587,-0.705827,-2.7497,-2.83452,-0.0223319,-0.0183344
-1.74792,-0.533973,-2.84971,-2.93452,-0.0240514,-0.0160122
-1.7925,-0.356782,-2.94972,-3.03452,-0.0255304,-0.01353
-1.81917,-0.176027,-3.04973,-3.13452,-0.026754,-0.0109124
-1.82765,0.00648832,3.13344,3.04867,-0.0277101,-0.00818576
-1.81787,0.188938,3.03343,2.94867,-0.028389,-0.00537727
-1.78992,0.369499,2.93342,2.84867,-0.0287841,-0.00251503
-1.74408,0.546368,2.83341,2.74867,-0.0288913,0.000372334
-1.68082,0.717775,2.7334,2.64867,-0.0287096,0.00325595
-1.60075,0.882009,2.63338,2.54867,-0.0282408,0.00610698
-1.50469,1.03743,2.53337,2.44867,-0.0274897,0.00889692
-1.39359,1.18248,2.43336,2.34867,-0.0264636,0.0115979
-1.26856,1.31571,2.33335,2.24867,-0.025173,0.0141828
-1.13086,1.4358,2.23334,2.14867,-0.0236306,0.016626
-0.981852,1.54153,2.13333,2.04867,-0.021852,0.0189028
-0.823034,1.63186,2.03332,1.94867,-0.0198549,0.0209907
-0.65599,1.70588,1.93331,1.84867,-0.0176593,0.0228686
-0.482391,1.76285,1.8333,1.74867,-0.0152871,0.0245178
-0.303971,1.80221,1.73329,1.64867,-0.0127621,0.0259219
-0.122514,1.82355,1.63328,1.54867,-0.0101095,0.0270668
0.0601676,1.82667,1.53327,1.44867,-0.00735583,0.0279411
0.242248,1.81154,1.43327,1.34867,-0.00452864,0.028536
0.421907,1.7783,1.33326,1.24867,-0.0016562,0.0288455
0.597349,1.72729,1.23325,1.14867,0.00123279,0.0288667
0.766822,1.65902,1.13324,1.04867,0.00410943,0.0285992
0.928631,1.57417,1.03323,0.948668,0.00694497,0.0280458
1.08116,1.47359,0.933221,0.848668,0.00971104,0.027212
1.22288,1.35828,0.833212,0.748668,0.01238,0.0261062
1.35239,1.2294,0.733204,0.648668,0.0149252,0.0247393
1.46837,1.08823,0.633195,0.548668,0.0173211,0.0231251
1.56969,0.936185,0.533187,0.448668,0.0195439,0.0212798
1.65532,0.774786,0.433179,0.348668,0.0215712,0.0192216
1.7244,0.605645,0.333171,0.248668,0.0233829,0.0169714
1.77625,0.430452,0.233163,0.148668,0.0249608,0.0145514
1.81036,0.250957,0.133155,0.0486678,0.0262891,0.011986
1.82637,0.0689547,0.0331471,-0.0513322,0.0273546,0.00930083
1.82412,-0.113737,-0.0668605,-0.151332,0.0281467,0.00652265
1.80365,-0.295291,-0.166868,-0.251332,0.0286573,0.00367928
1.76516,-0.473895,-0.266876,-0.351332,0.0288814,0.000799147
1.70903,-0.647762,-0.366883,-0.451332,0.0288168,-0.00208896
1.63581,-0.815157,-0.46689,-0.551332,0.0284642,-0.00495617
1.54626,-0.974405,-0.566897,-0.651332,0.0278269,-0.00777381
1.44124,-1.12392,-0.666904,-0.751332,0.0269115,-0.0105137
1.32183,-1.26219,-0.766911,-0.851332,0.0257271,-0.0131485
1.18921,-1.38786,-0.866918,-0.951332,0.0242855,-0.0156519
1.0447,-1.49966,-0.966925,-1.05133,0.0226011,-0.0179987
0.889755,-1.59647,-1.06693,-1.15133,0.0206908,-0.0201657
0.725917,-1.67732,-1.16694,-1.25133,0.0185737,-0.022131
0.554826,-1.74142,-1.26695,-1.35133,0.0162709,-0.0238751
0.37819,-1.78811,-1.36695,-1.45133,0.0138054,-0.0253805
0.197776,-1.81694,-1.46696,-1.55133,0.011202,-0.0266321
0.0153845,-1.8276,-1.56696,-1.65133,0.00848661,-0.0276176
-0.16716,-1.82001,-1.66697,-1.75133,0.0056864,-0.028327
-0.348034,-1.79423,-1.76698,-1.85133,0.00282935,-0.0287532
-0.52543,-1.75051,-1.86698,-1.95133,-5.59611e-05,-0.028892
-0.697576,-1.68931,-1.96699,-2.05133,-0.0029407,-0.028742
-0.86275,-1.61122,-2.06699,-2.15133,-0.00579603,-0.0283047
-1.0193,-1.51704,-2.167,-2.25133,-0.00859342,-0.0275844
-1.16567,-1.40769,-2.26701,-2.35133,-0.0113049,-0.0265884
-1.30039,-1.28428,-2.36701,-2.45133,-0.0139033,-0.0253267
-1.42211,-1.14803,-2.46702,-2.55133,-0.0163628,-0.0238118
-1.52963,-1.00031,-2.56702,-2.65133,-0.0186587,-0.0220588
-1.62185,-0.842597,-2.66703,-2.75133,-0.0207681,-0.0200854
-1.69787,-0.676463,-2.76703,-2.85133,-0.0226699,-0.0179113
-1.75693,-0.503569,-2.86704,-2.95133,-0.0243451,-0.0155581
-1.79843,-0.325643,-2.96704,-3.05133,-0.0257769,-0.0130494
-1.82195,-0.144463,-3.06705,3.13185,-0.0269511,-0.0104103
-1.82727,0.0381598,3.11613,3.03185,-0.0278558,-0.00766714
-1.81433,0.220402,3.01613,2.93185,-0.0284822,-0.00484735
-1.78326,0.400441,2.91612,2.83185,-0.0288238,-0.00197913
-1.73437,0.576479,2.81612,2.73185,-0.0288774,0.00090887
-1.66815,0.746756,2.71611,2.63185,-0.0286423,0.00378777
-1.58526,0.90957,2.61611,2.53185,-0.0281209,0.0066288
-1.48653,1.0633,2.5161,2.43185,-0.0273185,0.00940357
-1.37295,1.2064,2.4161,2.33185,-0.026243,0.0120843
-1.24565,1.33744,2.31609,2.23185,-0.0249052,0.0146443
-1.10589,1.45512,2.21609,2.13185,-0.0233185,0.0170579
-0.955092,1.55826,2.11608,2.03185,-0.0214987,0.019301
-0.794746,1.64583,2.01608,1.93185,-0.019464,0.0213512
-0.626459,1.71695,1.91607,1.83185,-0.0172348,0.0231879
-0.451912,1.77092,1.81607,1.73185,-0.0148334,0.0247929
-0.272849,1.80719,1.71607,1.63185,-0.0122837,0.0261501
-0.0910597,1.8254,1.61606,1.53185,-0.00961126,0.0272459
0.0916393,1.82537,1.51606,1.43185,-0.00684276,0.0280694
0.273423,1.8071,1.41605,1.33185,-0.00400587,0.0286124
0.452474,1.77078,1.31605,1.23185,-0.00112895,0.0288693
0.627003,1.71676,1.21604,1.13185,0.00175924,0.0288378
0.795267,1.64558,1.11604,1.03185,0.00462984,0.028518
0.955584,1.55796,1.01604,0.931853,0.00745416,0.0279132
1.10635,1.45477,0.916033,0.831853,0.010204,0.0270294
1.24607,1.33705,0.816029,0.731853,0.0128518,0.0258755
1.37333,1.20597,0.716025,0.631853,0.0153712,0.0244629
1.48687,1.06283,0.616021,0.531853,0.0177369,0.0228059
1.58555,0.909078,0.516018,0.431853,0.0199253,0.020921
1.66839,0.746239,0.416014,0.331853,0.0219146,0.0188269
1.73455,0.575944,0.316011,0.231853,0.0236849,0.0165447
1.78339,0.399893,0.216007,0.131853,0.0252185,0.0140972
1.8144,0.219847,0.116004,0.0318531,0.0265,0.0115088
1.82729,0.0376042,0.0160001,-0.0681469,0.0275167,0.00880533
1.82191,-0.145014,-0.0840033,-0.168147,0.0282583,0.0060139
1.79833,-0.326184,-0.184007,-0.268147,0.0287176,0.00316237
1.75678,-0.504094,-0.28401,-0.368147,0.0288898,0.000279242
1.69768,-0.676967,-0.384013,-0.468147,0.0287733,-0.00260667
1.62161,-0.843075,-0.484017,-0.568147,0.0283693,-0.00546652
1.52934,-1.00076,-0.58402,-0.668147,0.0276817,-0.00827173
1.42178,-1.14844,-0.684023,-0.768147,0.0267174,-0.0109943
1.30002,-1.28465,-0.784026,-0.868147,0.0254862,-0.0136069
1.16527,-1.40802,-0.884029,-0.968147,0.0240003,-0.0160836
1.01888,-1.51733,-0.984032,-1.06815,0.0222745,-0.0183995
0.862304,-1.61147,-1.08404,-1.16815,0.0203261,-0.0205315
0.697113,-1.6895,-1.18404,-1.26815,0.0181745,-0.0224584
0.524956,-1.75066,-1.28404,-1.36815,0.0158414,-0.0241608
0.347554,-1.79432,-1.38404,-1.46815,0.0133499,-0.0256217
0.166679,-1.82006,-1.48405,-1.56815,0.010725,-0.0268266
-0.015862,-1.82761,-1.58405,-1.66815,0.00799296,-0.0277633
-0.198244,-1.81689,-1.68405,-1.76815,0.00518103,-0.0284226
-0.378645,-1.78802,-1.78405,-1.86815,0.00231732,-0.0287979
-0.555263,-1.74129,-1.88406,-1.96815,-0.000569533,-0.0288853
-0.726332,-1.67715,-1.98406,-2.06815,-0.00345069,-0.0286841
-0.890143,-1.59626,-2.08406,-2.16815,-0.00629736,-0.0281963
-1.04506,-1.49941,-2.18407,-2.26815,-0.00908109,-0.0274266
-1.18953,-1.38759,-2.28407,-2.36815,-0.0117741,-0.0263829
-1.32212,-1.2619,-2.38407,-2.46815,-0.0143494,-0.0250755
-1.4415,-1.1236,-2.48407,-2.56815,-0.0167813,-0.0235175
-1.54647,-0.97407,-2.58408,-2.66815,-0.0190454,-0.0217245
-1.63599,-0.81481,-2.68408,-2.76815,-0.0211193,-0.0197144
-1.70917,-0.647408,-2.78408,-2.86815,-0.0229821,-0.0175073
-1.76526,-0.473537,-2.88408,-2.96815,-0.0246152,-0.0151252
-1.80372,-0.294935,-2.98409,-3.06815,-0.0260024,-0.012592
-1.82415,-0.113385,-3.08409,3.11504,-0.0271296,-0.00993297
-1.82636,0.0692972,3.0991,3.01504,-0.0279858,-0.00717466
-1.81032,0.251287,2.99909,2.91504,-0.0285623,-0.00434466
-1.77619,0.430766,2.89909,2.81504,-0.0288533,-0.00147125
-1.72431,0.605941,2.79909,2.71504,-0.028856,0.00141686
-1.6552,0.775061,2.69909,2.61504,-0.0285704,0.00429081
-1.56955,0.936436,2.59908,2.51504,-0.0279992,0.00712187
-1.46822,1.08845,2.49908,2.41504,-0.0271483,0.00988176
-1.35222,1.2296,2.39908,2.31504,-0.026026,0.0125429
-1.2227,1.35845,2.29908,2.21504,-0.0246436,0.0150787
-1.08097,1.47374,2.19908,2.11504,-0.023015,0.0174638
-0.928441,1.57429,2.09907,2.01504,-0.0211564,0.0196743
-0.766632,1.65912,1.99907,1.91504,-0.0190864,0.0216883
-0.597163,1.72737,1.89907,1.81504,-0.0168257,0.0234855
-0.421727,1.77835,1.79907,1.71504,-0.0143968,0.0250481
-0.242078,1.81157,1.69907,1.61504,-0.011824,0.0263603
-0.0600092,1.82669,1.59906,1.51504,-0.00913314,0.0274091
0.122659,1.82355,1.49906,1.41504,-0.00635098,0.028184
0.304101,1.8022,1.39906,1.31504,-0.00350535,0.0286772
0.482505,1.76283,1.29906,1.21504,-0.000624698,0.0288839
0.656087,1.70586,1.19906,1.11504,0.00226219,0.028802
0.823114,1.63183,1.09906,1.01504,0.00512648,0.0284322
0.981916,1.54151,0.999054,0.915038,0.00793952,0.0277783
1.13091,1.43577,0.899052,0.815038,0.0106732,0.0268468
1.2686,1.3157,0.79905,0.715038,0.0133003,0.0256471
1.39361,1.18247,0.699049,0.615038,0.0157944,0.024191
1.5047,1.03743,0.599047,0.515038,0.0181307,0.0224932
1.60076,0.882028,0.499045,0.415038,0.0202858,0.0205707
1.68082,0.71781,0.399044,0.315038,0.0222382,0.0184426
1.74408,0.546419,0.299042,0.215038,0.0239684,0.0161302
1.78992,0.369569,0.199041,0.115038,0.0254591,0.0136566
1.81787,0.189025,0.099039,0.0150384,0.0266953,0.0110465
1.82766,0.00659357,-0.000962526,-0.0849616,0.0276648,0.00832612
1.81919,-0.175904,-0.100964,-0.184962,0.0283579,0.00552249
1.79254,-0.356644,-0.200966,-0.284962,0.0287675,0.00266368
1.74798,-0.533821,-0.300967,-0.384962,0.0288897,-0.000221748
1.68595,-0.705663,-0.400968,-0.484962,0.0287232,-0.00310495
1.60708,-0.870455,-0.50097,-0.584962,0.0282697,-0.00595713
1.51215,-1.02655,-0.600971,-0.684962,0.0275337,-0.00874977
1.40211,-1.17239,-0.700973,-0.784962,0.0265226,-0.011455
1.27806,-1.30651,-0.800974,-0.884962,0.0252464,-0.0140457
1.14124,-1.42758,-0.900975,-0.984962,0.023718,-0.0164961
0.993017,-1.53438,-1.00098,-1.08496,0.0219525,-0.0187816
0.834871,-1.62585,-1.10098,-1.18496,0.0199677,-0.0208795
0.668384,-1.70108,-1.20098,-1.28496,0.0177834,-0.0227687
0.495218,-1.75931,-1.30098,-1.38496,0.0154213,-0.0244304
0.317104,-1.79996,-1.40098,-1.48496,0.0129052,-0.025848
0.135821,-1.82262,-1.50098,-1.58496,0.0102601,-0.0270073
-0.0468181,-1.82708,-1.60098,-1.68496,0.00751247,-0.0278967
-0.22899,-1.81327,-1.70099,-1.78496,0.00468979,-0.0285073
-0.408873,-1.78135,-1.80099,-1.88496,0.00182025,-0.0288331
-0.584672,-1.73164,-1.90099,-1.98496,-0.00106748,-0.0288708
-0.754628,-1.66461,-2.00099,-2.08496,-0.00394454,-0.0286199
-0.917044,-1.58096,-2.10099,-2.18496,-0.00678218,-0.0280831
-1.0703,-1.48151,-2.20099,-2.28496,-0.00955204,-0.0272657
-1.21286,-1.36725,-2.30099,-2.38496,-0.0122265,-0.0261758
-1.3433,-1.23934,-2.40099,-2.48496,-0.0147787,-0.0248244
-1.46031,-1.09904,-2.501,-2.58496,-0.0171833,-0.0232249
-1.56274,-0.947759,-2.601,-2.68496,-0.0194161,-0.0213933
-1.64955,-0.787008,-2.701,-2.78496,-0.021455,-0.0193479
-1.71988,-0.618394,-2.801,-2.88496,-0.0232794,-0.0171093
-1.77303,-0.443601,-2.901,-2.98496,-0.0248712,-0.0146996
-1.80845,-0.264376,-3.001,-3.08496,-0.0262145,-0.0121431
-1.82581,-0.0825093,-3.101,3.09822,-0.0272959,-0.00946525
-1.82493,0.100182,3.08218,2.99822,-0.0281045,-0.00669281
-1.80581,0.281872,2.98218,2.89822,-0.0286323,-0.0038535
-1.76865,0.460746,2.88218,2.79822,-0.0288739,-0.000975689
-1.71381,0.635016,2.78218,2.69822,-0.0288271,0.00191187
-1.64185,0.802941,2.68218,2.59822,-0.0284922,0.00478033
-1.55349,0.962843,2.58218,2.49822,-0.0278726,0.00760102
-1.44961,1.11313,2.48218,2.39822,-0.0269744,0.0103457
-1.33123,1.25228,2.38218,2.29822,-0.0258068,0.0129871
-1.19956,1.37893,2.28218,2.19822,-0.0243813,0.0154987
-1.05591,1.4918,2.18217,2.09822,-0.0227121,0.0178554
-0.901697,1.58976,2.08217,1.99822,-0.020816,0.0200337
-0.73848,1.67184,1.98217,1.89822,-0.0187119,0.0220118
-0.567883,1.73721,1.88217,1.79822,-0.0164208,0.0237699
-0.391613,1.78523,1.78217,1.69822,-0.0139657,0.0252906
-0.211429,1.81541,1.68217,1.59822,-0.011371,0.0265585
-0.0291331,1.82744,1.58217,1.49822,-0.00866266,0.0275611
0.153454,1.82122,1.48217,1.39822,-0.00586778,0.0282882
0.334508,1.7968,1.38217,1.29822,-0.00301427,0.0287327
0.512219,1.75443,1.28217,1.19822,-0.000130647,0.0288901
0.684813,1.69453,1.18217,1.09822,0.00275428,0.0287588
0.850564,1.6177,1.08216,0.998224,0.00561169,0.0283401
1.00782,1.5247,0.982164,0.898224,0.00841302,0.0276383
1.155,1.41647,0.882163,0.798224,0.0111303,0.0266602
1.29064,1.29408,0.782163,0.698224,0.0137363,0.0254158
1.41339,1.15877,0.682162,0.598224,0.0162051,0.0239175
1.52201,1.01187,0.582161,0.498224,0.018512,0.0221801
1.61543,0.854871,0.48216,0.398224,0.0206339,0.0202211
1.6927,0.689326,0.38216,0.298224,0.0225496,0.0180601
1.75306,0.516893,0.282159,0.198224,0.02424,0.0157186
1.79591,0.339295,0.182158,0.0982237,0.0256881,0.0132201
1.82081,0.158307,0.0821577,-0.00177631,0.0268796,0.0105894
1.82752,-0.0242628,-0.017843,-0.101776,0.0278025,0.00785295
1.81596,-0.20659,-0.117844,-0.201776,0.0284476,0.00503802
1.78627,-0.386853,-0.217844,-0.301776,0.0288085,0.00217275
1.73872,-0.563251,-0.317845,-0.401776,0.0288815,-0.000714222
1.6738,-0.73402,-0.417846,-0.501776,0.0286659,-0.00359406
1.59216,-0.897456,-0.517846,-0.601776,0.0281638,-0.00643798
1.49461,-1.05192,-0.617847,-0.701776,0.0273804,-0.00921757
1.38213,-1.19588,-0.717848,-0.801776,0.0263234,-0.0119051
1.25583,-1.32789,-0.817848,-0.901776,0.0250033,-0.0144736
1.11699,-1.44663,-0.917849,-1.00178,0.0234334,-0.0168975
0.966984,-1.55092,-1.01785,-1.10178,0.0216293,-0.0191526
0.807319,-1.63971,-1.11785,-1.20178,0.0196092,-0.0212163
0.639587,-1.71211,-1.21785,-1.30178,0.0173931,-0.0230679
0.465465,-1.76741,-1.31785,-1.40178,0.0150032,-0.0246891
0.286692,-1.80505,-1.41785,-1.50178,0.0124634,-0.0260636
0.105054,-1.82466,-1.51785,-1.60178,0.00979901,-0.0271777
-0.0776337,-1.82603,-1.61785,-1.70178,0.00703675,-0.0280202
-0.259545,-1.80915,-1.71785,-1.80178,0.00420418,-0.0285827
-0.438864,-1.7742,-1.81785,-1.90178,0.00132961,-0.0288597
-0.613797,-1.72153,-1.91785,-2.00178,-0.00155825,-0.0288482
-0.782598,-1.65165,-2.01785,-2.10178,-0.00443053,-0.0285485
-0.943579,-1.56527,-2.11786,-2.20178,-0.00725855,-0.0279636
-1.09513,-1.46325,-2.21786,-2.30178,-0.010014,-0.0270992
-1.23574,-1.34661,-2.31786,-2.40178,-0.0126695,-0.0259641
-1.36401,-1.21651,-2.41786,-2.50178,-0.0151983,-0.0245695
-1.47864,-1.07426,-2.51786,-2.60178,-0.0175753,-0.0229294
-1.5785,-0.921272,-2.61786,-2.70178,-0.0197766,-0.0210602
-1.66259,-0.759082,-2.71786,-2.80178,-0.0217804,-0.0189806
-1.73006,-0.589307,-2.81786,-2.90178,-0.0235665,-0.0167113
-1.78025,-0.413643,-2.91786,-3.00178,-0.0251171,-0.0142751
-1.81266,-0.233847,-3.01786,-3.10178,-0.0264168,-0.0116962
-1.82695,-0.0517145,-3.11786,3.08141,-0.0274525,-0.00900042
-1.82298,0.130935,3.06532,2.98141,-0.0282139,-0.00621473
-1.8008,0.312276,2.96532,2.88141,-0.0286934,-0.00336695
-1.76063,0.490497,2.86532,2.78141,-0.0288862,-0.000485524
-1.70287,0.663817,2.76532,2.68141,-0.0287903,0.00240075
-1.62809,0.830504,2.66532,2.58141,-0.0284068,0.00526304
-1.53704,0.988893,2.56532,2.48141,-0.0277394,0.00807274
-1.43064,1.1374,2.46532,2.38141,-0.0267949,0.0108018
-1.30994,1.27455,2.36532,2.28141,-0.0255827,0.0134229
-1.17615,1.39895,2.26532,2.18141,-0.0241148,0.0159099
-1.03061,1.50938,2.16532,2.08141,-0.0224059,0.0182379
-0.874776,1.60473,2.06532,1.98141,-0.0204732,0.0203836
-0.710199,1.68405,1.96532,1.88141,-0.0183359,0.0223257
-0.538526,1.74654,1.86532,1.78141,-0.0160154,0.0240448
-0.361472,1.79158,1.76532,1.68141,-0.0135349,0.0255235
-0.180806,1.81871,1.66532,1.58141,-0.0109192,0.0267473
0.00166598,1.82768,1.56532,1.48141,-0.0081943,0.0277038
0.184122,1.81838,1.46532,1.38141,-0.00538756,0.0283834
0.364737,1.79091,1.36532,1.28141,-0.002527,0.0287795
0.541709,1.74555,1.26532,1.18141,0.000358822,0.028888
0.713268,1.68275,1.16532,1.08141,0.00324105,0.0287078
0.8777,1.60314,1.06532,0.981409,0.0060909,0.0282408
1.03336,1.5075,0.965316,0.881409,0.00887988,0.0274917
1.1787,1.39681,0.865316,0.781409,0.0115801,0.0264678
1.31226,1.27216,0.765316,0.681409,0.0141647,0.0251795
1.43271,1.13479,0.665315,0.581409,0.0166077,0.0236395
1.53884,0.986091,0.565315,0.481409,0.0188848,0.0218634
1.6296,0.827536,0.465315,0.381409,0.0209732,0.0198688
1.70407,0.660713,0.365314,0.281409,0.022852,0.0176757
1.76152,0.487288,0.265314,0.181409,0.0245025,0.015306
1.80137,0.308994,0.165314,0.081409,0.0259081,0.0127833
1.82322,0.127613,0.0653133,-0.018591,0.0270549,0.0101329
1.82685,-0.0550428,-0.034687,-0.118591,0.0279313,0.00738131
1.81223,-0.237149,-0.134687,-0.218591,0.0285287,0.00455592
1.7795,-0.416885,-0.234688,-0.318591,0.028841,0.00168501
1.72899,-0.592457,-0.334688,-0.418591,0.0288651,-0.00120273
1.6612,-0.762108,-0.434688,-0.518591,0.0286009,-0.00407846
1.57682,-0.924145,-0.534688,-0.618591,0.0280508,-0.00691344
1.47668,-1.07695,-0.634689,-0.718591,0.0272205,-0.00967933
1.36179,-1.21899,-0.734689,-0.818591,0.0261181,-0.0123485
1.23329,-1.34885,-0.834689,-0.918591,0.0247548,-0.0148943
1.09247,-1.46524,-0.93469,-1.01859,0.0231442,-0.0172913
0.940729,-1.56698,-1.03469,-1.11859,0.0213023,-0.0195155
0.779592,-1.65307,-1.13469,-1.21859,0.0192476,-0.0215447
0.610665,-1.72264,-1.23469,-1.31859,0.0170005,-0.0233586
0.435636,-1.775,-1.33469,-1.41859,0.0145836,-0.0249392
0.256255,-1.80962,-1.43469,-1.51859,0.0120209,-0.0262705
0.0743135,-1.82617,-1.53469,-1.61859,0.00933818,-0.0273394
-0.108371,-1.82446,-1.63469,-1.71859,0.00656212,-0.028135
-0.289972,-1.80453,-1.73469,-1.81859,0.0037205,-0.0286496
-0.468676,-1.76656,-1.83469,-1.91859,0.000841695,-0.0288779
-0.642697,-1.71095,-1.93469,-2.01859,-0.00204552,-0.0288177
-0.810297,-1.63824,-2.03469,-2.11859,-0.00491229,-0.0284695
-0.9698,-1.54916,-2.13469,-2.21859,-0.00772998,-0.0278368
-1.11961,-1.4446,-2.23469,-2.31859,-0.0104704,-0.0269261
-1.25824,-1.32561,-2.33469,-2.41859,-0.0131063,-0.0257462
-1.38429,-1.19337,-2.43469,-2.51859,-0.0156111,-0.0243091
-1.49652,-1.04921,-2.53469,-2.61859,-0.01796,-0.0226292
-1.59379,-0.894566,-2.63469,-2.71859,-0.0201295,-0.0207231
-1.67513,-0.730984,-2.73469,-2.81859,-0.0220978,-0.0186099
-1.73974,-0.560097,-2.83469,-2.91859,-0.0238453,-0.0163109
-1.78697,-0.383615,-2.93469,-3.01859,-0.0253545,-0.0138488
-1.81634,-0.203299,-3.03469,-3.11859,-0.0266104,-0.0112484
-1.82756,-0.0209517,-3.13469,3.06459,-0.0276005,-0.00853553
-1.82052,0.161605,3.04849,2.96459,-0.0283147,-0.00573742
-1.79529,0.342546,2.94849,2.86459,-0.0287461,-0.00288198
-1.75212,0.520065,2.84849,2.76459,-0.0288902,2.25485e-06
-1.69145,0.692388,2.74849,2.66459,-0.0287456,0.00288647
-1.61388,0.857793,2.64849,2.56459,-0.0283138,0.00574184
-1.52018,1.01463,2.54849,2.46459,-0.0275991,0.00853984
-1.41129,1.16132,2.44849,2.36459,-0.0266087,0.0112525
-1.2883,1.29641,2.34849,2.26459,-0.0253524,0.0138527
-1.15244,1.41855,2.24849,2.16459,-0.0238427,0.0163146
-1.00506,1.52652,2.14849,2.06459,-0.0220949,0.0186134
-0.847642,1.61923,2.04849,1.96459,-0.0201262,0.0207262
-0.681754,1.69576,1.94849,1.86459,-0.0179565,0.0226319
-0.509053,1.75535,1.84849,1.76459,-0.0156074,0.0243116
-0.331267,1.79741,1.74849,1.66459,-0.0131023,0.0257482
-0.15017,1.8215,1.64849,1.56459,-0.0104663,0.0269277
0.0324266,1.82739,1.54849,1.46459,-0.00772567,0.027838
0.214699,1.81502,1.44849,1.36459,-0.00490789,0.0284702
0.394827,1.78452,1.34849,1.26459,-0.00204108,0.028818
0.57101,1.73619,1.24849,1.16459,0.000846134,0.0288778
0.741487,1.67051,1.14849,1.06459,0.00372489,0.028649
0.904556,1.58814,1.04849,0.964594,0.00656642,0.028134
1.05859,1.4899,0.948487,0.864594,0.00934235,0.0273379
1.20204,1.37677,0.848487,0.764594,0.0120249,0.0262686
1.33348,1.24989,0.748486,0.664594,0.0145874,0.0249369
1.4516,1.11052,0.648486,0.564594,0.017004,0.023356
1.55522,0.960055,0.548486,0.464594,0.0192508,0.0215418
1.64329,0.799995,0.448486,0.364594,0.0213052,0.0195123
1.71495,0.631943,0.348486,0.264594,0.0231468,0.0172878
1.76947,0.457576,0.248486,0.164594,0.024757,0.0148906
1.80631,0.278638,0.148486,0.0645943,0.0261199,0.0123446
1.82511,0.0969148,0.0484854,-0.0354057,0.0272219,0.00967527
1.82566,-0.0857762,-0.0515147,-0.135406,0.0280518,0.00690927
1.80798,-0.26761,-0.151515,-0.235406,0.0286014,0.00407423
1.77223,-0.44677,-0.251515,-0.335406,0.0288653,0.00119849
1.71877,-0.621466,-0.351515,-0.435406,0.0288407,-0.00168923
1.64814,-0.789953,-0.451515,-0.535406,0.028528,-0.00456008
1.56105,-0.950547,-0.551515,-0.635406,0.0279302,-0.00738535
1.45835,-1.10164,-0.651515,-0.735406,0.0270534,-0.0101368
1.34109,-1.24173,-0.751516,-0.835406,0.0259062,-0.012787
1.21042,-1.36941,-0.851516,-0.935406,0.0245002,-0.0153095
1.06766,-1.48341,-0.951516,-1.03541,0.0228494,-0.0176789
0.91423,-1.58259,-1.05152,-1.13541,0.0209703,-0.0198718
0.751667,-1.66595,-1.15152,-1.23541,0.0188817,-0.021866
0.581594,-1.73267,-1.25152,-1.33541,0.0166044,-0.0236418
0.40571,-1.78208,-1.35152,-1.43541,0.0141611,-0.0251814
0.225771,-1.81368,-1.45152,-1.53541,0.0115764,-0.0264693
0.0435775,-1.82716,-1.55152,-1.63541,0.00887608,-0.0274928
-0.139052,-1.82238,-1.65152,-1.73541,0.00608702,-0.0282416
-0.320292,-1.79939,-1.75152,-1.83541,0.00323714,-0.0287082
-0.498332,-1.75843,-1.85152,-1.93541,0.000354921,-0.028888
-0.671392,-1.69989,-1.95152,-2.03541,-0.00253085,-0.0287791
-0.837744,-1.62437,-2.05152,-2.13541,-0.00539133,-0.0283826
-0.995726,-1.53262,-2.15152,-2.23541,-0.00819794,-0.0277026
-1.14376,-1.42556,-2.25152,-2.33541,-0.0109226,-0.0267458
-1.28036,-1.30425,-2.35152,-2.43541,-0.0135382,-0.0255217
-1.40418,-1.16991,-2.45152,-2.53541,-0.0160185,-0.0240426
-1.51396,-1.02389,-2.55152,-2.63541,-0.0183387,-0.0223233
-1.60861,-0.867627,-2.65152,-2.73541,-0.0204757,-0.020381
-1.68719,-0.702699,-2.75152,-2.83541,-0.0224081,-0.018235
-1.74892,-0.53075,-2.85152,-2.93541,-0.0241167,-0.0159068
-1.79317,-0.353498,-2.95152,-3.03541,-0.0255842,-0.0134197
-1.8195,-0.172714,-3.05152,-3.13541,-0.0267961,-0.0107985
-1.82765,0.00979625,3.13167,3.04778,-0.0277403,-0.00806935
-1.81754,0.192208,3.03167,2.94778,-0.0284073,-0.00525962
-1.78927,0.3727,2.93167,2.84778,-0.0287905,-0.00239733
-1.74313,0.549467,2.83167,2.74778,-0.028886,0.000488909
-1.67956,0.720745,2.73167,2.64778,-0.0286929,0.00337026
-1.59922,0.884821,2.63167,2.54778,-0.0282131,0.00621794
-1.50289,1.04006,2.53167,2.44778,-0.0274513,0.00900349
-1.39155,1.1849,2.43167,2.34778,-0.0264154,0.0116991
-1.26631,1.3179,2.33167,2.24778,-0.0251154,0.0142778
-1.12841,1.43774,2.23167,2.14778,-0.0235645,0.0167138
-0.97924,1.54321,2.13167,2.04778,-0.0217782,0.0189829
-0.820284,1.63326,2.03167,1.94778,-0.0197743,0.0210622
-0.653131,1.70699,1.93167,1.84778,-0.0175728,0.0229311
-0.479453,1.76367,1.83167,1.74778,-0.0151957,0.0245709
-0.300985,1.80272,1.73167,1.64778,-0.0126668,0.0259652
-0.119509,1.82377,1.63167,1.54778,-0.0100113,0.0271001
0.0631611,1.82659,1.53167,1.44778,-0.00725577,0.0279641
0.2452,1.81116,1.43167,1.34778,-0.00442776,0.0285488
0.424789,1.77763,1.33167,1.24778,-0.0015555,0.0288482
0.600134,1.72634,1.23167,1.14778,0.00133229,0.0288594
0.769482,1.6578,1.13167,1.04778,0.00420677,0.0285822
0.931142,1.5727,1.03167,0.94778,0.00703922,0.0280194
1.0835,1.47188,0.931665,0.84778,0.00980134,0.0271767
1.22503,1.35636,0.831665,0.74778,0.0124655,0.0260624
1.35432,1.22729,0.731665,0.64778,0.0150052,0.0246877
1.47008,1.08595,0.631665,0.54778,0.0173949,0.0230664
1.57115,0.933759,0.531665,0.44778,0.0196108,0.0212146
1.65652,0.772241,0.431665,0.34778,0.0216307,0.0191508
1.72534,0.603008,0.331665,0.24778,0.0234345,0.0168956
1.77692,0.427749,0.231665,0.14778,0.0250042,0.0144716
1.81074,0.248216,0.131665,0.0477796,0.026324,0.0119031
1.82648,0.0662028,0.0316649,-0.0522204,0.0273809,0.00921559
1.82396,-0.116472,-0.0683352,-0.15222,0.0281641,0.00643602
1.80322,-0.297982,-0.168335,-0.25222,0.0286659,0.00359214
1.76447,-0.476516,-0.268335,-0.35222,0.0288813,0.000712375
1.70808,-0.650288,-0.368335,-0.45222,0.0288082,-0.00217451
1.63462,-0.817563,-0.468335,-0.55222,0.0284472,-0.00503967
1.54484,-0.976668,-0.568335,-0.65222,0.0278019,-0.00785448
1.43962,-1.12602,-0.668336,-0.75222,0.0268789,-0.0105908
1.32001,-1.26411,-0.768336,-0.85222,0.0256873,-0.0132213
1.18721,-1.38958,-0.868336,-0.95222,0.024239,-0.0157197
1.04256,-1.50116,-0.968336,-1.05222,0.0225486,-0.018061
0.887483,-1.59774,-1.06834,-1.15222,0.0206328,-0.0202219
0.723541,-1.67836,-1.16834,-1.25222,0.0185109,-0.0221807
0.55237,-1.74221,-1.26834,-1.35222,0.016204,-0.0239179
0.375679,-1.78865,-1.36834,-1.45222,0.0137353,-0.0254162
0.195235,-1.81722,-1.46834,-1.55222,0.0111293,-0.0266604
0.0128406,-1.82763,-1.56834,-1.65222,0.00841207,-0.0276383
-0.169682,-1.81978,-1.66834,-1.75222,0.00561081,-0.02834
-0.35051,-1.79375,-1.76834,-1.85222,0.00275349,-0.0287586
-0.527836,-1.7498,-1.86834,-1.95222,-0.00013134,-0.0288898
-0.699887,-1.68836,-1.96834,-2.05222,-0.00301486,-0.0287324
-0.864946,-1.61005,-2.06834,-2.15222,-0.00586825,-0.0282878
-1.02136,-1.51566,-2.16834,-2.25222,-0.00866301,-0.0275607
-1.16757,-1.40612,-2.26834,-2.35222,-0.0113712,-0.0265581
-1.30212,-1.28253,-2.36834,-2.45222,-0.0139658,-0.0252902
-1.42365,-1.14613,-2.46834,-2.55222,-0.0164208,-0.0237696
-1.53096,-0.998279,-2.56834,-2.65222,-0.0187118,-0.0220115
-1.62298,-0.84045,-2.66834,-2.75222,-0.0208158,-0.0200335
-1.69877,-0.674224,-2.76834,-2.85222,-0.0227118,-0.0178553
-1.7576,-0.501261,-2.86834,-2.95222,-0.0243809,-0.0154987
-1.79886,-0.32329,-2.96834,-3.05222,-0.0258064,-0.0129872
-1.82215,-0.142089,-3.06834,3.13096,-0.026974,-0.010346
-1.82723,0.0405322,3.11485,3.03096,-0.0278722,-0.00760138
-1.81405,0.222748,3.01485,2.93096,-0.0284918,-0.00478083
-1.78275,0.402739,2.91485,2.83096,-0.0288267,-0.0019125
-1.73364,0.578705,2.81485,2.73096,-0.0288737,0.000974926
-1.6672,0.748889,2.71485,2.63096,-0.0286321,0.00385262
-1.58411,0.911591,2.61485,2.53096,-0.0281044,0.00669181
-1.48519,1.06518,2.51485,2.43096,-0.0272959,0.00946414
-1.37143,1.20813,2.41485,2.33096,-0.0262147,0.0121419
-1.24397,1.33901,2.31485,2.23096,-0.0248716,0.0146984
-1.10407,1.45651,2.21485,2.13096,-0.02328,0.017108
-0.953148,1.55946,2.11485,2.03096,-0.0214557,0.0193466
-0.7927,1.64683,2.01485,1.93096,-0.0194171,0.021392
-0.624332,1.71774,1.91485,1.83096,-0.0171844,0.0232236
-0.449725,1.77148,1.81485,1.73096,-0.0147801,0.0248231
-0.270625,1.80753,1.71485,1.63096,-0.0122281,0.0261747
-0.0888213,1.82552,1.61485,1.53096,-0.00955388,0.0272647
0.0938702,1.82527,1.51485,1.43096,-0.00678422,0.0280823
0.275624,1.80678,1.41485,1.33096,-0.00394678,0.0286192
0.454624,1.77023,1.31485,1.23096,-0.0010699,0.0288703
0.629081,1.716,1.21485,1.13096,0.00181767,0.0288329
0.797252,1.64463,1.11485,1.03096,0.00468707,0.0285074
0.957458,1.55682,1.01485,0.930965,0.00750965,0.027897
1.1081,1.45345,0.914848,0.830965,0.0102572,0.0270079
1.24766,1.33557,0.814848,0.730965,0.0129022,0.025849
1.37477,1.20434,0.714848,0.630965,0.0154184,0.0244318
