2,0,0,0
2,-0.2,-0.1,-0.1
1.96243,-0.393174,-0.199464,-0.2
1.88964,-0.565901,-0.298685,-0.3
1.78635,-0.707651,-0.395923,-0.4
1.65978,-0.811691,-0.490202,-0.5
1.51798,-0.875987,-0.580822,-0.6
1.36841,-0.902494,-0.668412,-0.7
1.21669,-0.895479,-0.754731,-0.8
1.06609,-0.859681,-0.840999,-0.9
0.91833,-0.799596,-0.928687,-1
0.773875,-0.718978,-1.01865,-1.1
0.63258,-0.621036,-1.11128,-1.2
0.494005,-0.508681,-1.20654,-1.3
0.357615,-0.384783,-1.30416,-1.4
0.222812,-0.252278,-1.40366,-1.5
0.0889515,-0.114236,-1.50454,-1.6
-0.0446829,0.0261636,-1.60636,-1.7
-0.17888,0.165654,-1.70871,-1.8
-0.314472,0.300881,-1.81123,-1.9
-0.452257,0.428361,-1.91355,-2
-0.592888,0.54444,-2.01535,-2.1
-0.736743,0.645278,-2.11637,-2.2
-0.883782,0.726883,-2.21639,-2.3
-1.0334,0.785208,-2.31534,-2.4
-1.18431,0.816316,-2.41327,-2.5
-1.33438,0.816613,-2.51043,-2.6
-1.48064,0.783124,-2.60727,-2.7
-1.61917,0.713816,-2.70439,-2.8
-1.74511,0.608019,-2.80237,-2.9
-1.85264,0.46708,-2.90155,-3
-1.93533,0.295239,-3.00201,-3.1
-1.98682,0.100362,-3.10369,3.08319
-2.00202,-0.106155,3.07668,2.98319
-1.97823,-0.310463,2.97303,2.88319
-1.91593,-0.498112,2.86916,2.78319
-1.81901,-0.656295,2.76616,2.68319
-1.6942,-0.775943,2.66536,2.58319
-1.54992,-0.852969,2.56775,2.48319
-1.39459,-0.888118,2.47335,2.38319
-1.23511,-0.885472,2.38105,2.28319
-1.07607,-0.850429,2.28913,2.18319
-0.919833,-0.788221,2.19609,2.08319
-0.76728,-0.703376,2.10107,1.98319
-0.618453,-0.599834,2.00381,1.88319
-0.473033,-0.481237,1.90448,1.78319
-0.330526,-0.351135,1.8034,1.68319
-0.190294,-0.213038,1.70089,1.58319
-0.0515364,-0.0704044,1.59725,1.48319
0.0866958,0.0733519,1.49279,1.38319
0.225441,0.214788,1.38786,1.28319
0.365734,0.350346,1.2828,1.18319
0.508497,0.476273,1.17798,1.08319
0.654412,0.588581,1.07369,0.983185
0.80378,0.683048,0.970158,0.883185
0.956358,0.755272,0.867525,0.783185
1.11119,0.800818,0.765799,0.683185
1.26643,0.815438,0.664859,0.583185
1.41923,0.795404,0.564435,0.483185
1.56561,0.737949,0.464136,0.383185
1.70045,0.641823,0.36353,0.283185
1.81762,0.508006,0.262269,0.183185
1.91031,0.340524,0.160147,0.0831853
1.97178,0.147089,0.0570387,-0.0168147
1.99648,-0.0609344,-0.0471224,-0.116815
1.98116,-0.269481,-0.152208,-0.216815
1.92579,-0.463538,-0.257718,-0.316815
1.83378,-0.629402,-0.362663,-0.416815
1.71172,-0.756924,-0.46569,-0.516815
1.56813,-0.841007,-0.565621,-0.616815
1.41185,-0.881729,-0.662205,-0.716815
1.25038,-0.882966,-0.756423,-0.816815
1.08882,-0.85027,-0.849963,-0.916815
0.929954,-0.789184,-0.944356,-1.01681
0.774883,-0.704572,-1.04048,-1.11681
0.623791,-0.600688,-1.13859,-1.21681
0.476434,-0.481452,-1.23853,-1.31681
0.332334,-0.350619,-1.34008,-1.41681
0.19081,-0.211814,-1.44301,-1.51681
0.0509863,-0.0685391,-1.54706,-1.61681
-0.0881658,0.0757689,-1.65194,-1.71681
-0.227746,0.217644,-1.75729,-1.81681
-0.36883,0.353491,-1.86273,-1.91681
-0.512365,0.479515,-1.96793,-2.01681
-0.659046,0.591679,-2.07259,-2.11681
-0.809174,0.685711,-2.17648,-2.21681
-0.962492,0.75716,-2.27948,-2.31681
-1.11801,0.801541,-2.3816,-2.41681
-1.27383,0.814566,-2.48293,-2.51681
-1.42699,0.792497,-2.58374,-2.61681
-1.57341,0.732614,-2.6844,-2.71681
-1.70783,0.633801,-2.78531,-2.81681
-1.82398,0.49728,-2.88681,-2.91681
-1.91501,0.327418,-2.98911,-3.01681
-1.97421,0.132288,-3.09236,-3.11681
-1.99621,-0.0764445,3.08656,3.06637
-1.97799,-0.284543,2.98142,2.96637
-1.91979,-0.477003,2.87594,2.86637
-1.82534,-0.640325,2.77113,2.76637
-1.70143,-0.764718,2.66837,2.66637
-1.55668,-0.845512,2.56877,2.56637
-1.39988,-0.883148,2.47247,2.46637
-1.23836,-0.881705,2.37842,2.36637
-1.07702,-0.846773,2.28492,2.26637
-0.918502,-0.783852,2.19049,2.16637
-0.763815,-0.697758,2.09434,2.06637
-0.613121,-0.59273,1.99628,1.96637
-0.46617,-0.472683,1.89644,1.86637
-0.322475,-0.341364,1.79503,1.76637
-0.181334,-0.20237,1.69225,1.66637
-0.0418488,-0.0591683,1.58837,1.56637
0.0970189,0.0848346,1.48369,1.46637
0.236369,0.22619,1.37856,1.36637
0.377267,0.361313,1.27338,1.26637
0.52064,0.486421,1.16847,1.16637
0.667157,0.59749,1.06415,1.06637
0.817086,0.690272,0.960614,0.966371
0.970135,0.760351,0.857989,0.866371
1.12528,0.803295,0.756281,0.766371
1.28059,0.814888,0.655363,0.666371
1.4331,0.791479,0.554965,0.566371
1.57871,0.730436,0.454698,0.466371
1.71222,0.630722,0.354143,0.366371
1.8274,0.493612,0.252961,0.266371
1.91744,0.323489,0.150949,0.166371
1.97574,0.128419,0.0479825,0.0663706
1.99695,-0.0799709,-0.0559916,-0.0336294
1.97814,-0.287515,-0.16081,-0.133629
1.91959,-0.479313,-0.265927,-0.233629
1.82506,-0.641991,-0.370316,-0.333629
1.70132,-0.765882,-0.472632,-0.433629
1.55693,-0.846404,-0.571781,-0.533629
1.40063,-0.884027,-0.667648,-0.633629
1.23965,-0.882803,-0.761306,-0.733629
1.07886,-0.848267,-0.854438,-0.833629
0.920855,-0.785861,-0.948496,-0.933629
0.766639,-0.700356,-1.04427,-1.03363
0.616382,-0.595951,-1.14196,-1.13363
0.469844,-0.476531,-1.24143,-1.23363
0.326548,-0.345807,-1.34249,-1.33363
0.185805,-0.207345,-1.44491,-1.43363
0.0467294,-0.0645796,-1.54846,-1.53363
-0.0917035,0.0791109,-1.65282,-1.63363
-0.230581,0.220309,-1.75763,-1.73363
-0.370958,0.355468,-1.86251,-1.83363
-0.513759,0.48084,-1.96711,-1.93363
-0.659654,0.59245,-2.07113,-2.03363
-0.808929,0.686098,-2.17434,-2.13363
-0.961323,0.757425,-2.27663,-2.23363
-1.11586,0.802046,-2.37798,-2.33363
-1.27069,0.815783,-2.47851,-2.43363
-1.42296,0.794994,-2.57848,-2.53363
-1.5687,0.737002,-2.67831,-2.63363
-1.70285,0.640635,-2.77843,-2.73363
-1.81936,0.506915,-2.8792,-2.83363
-1.91152,0.339853,-2.98082,-2.93363
-1.97269,0.147079,-3.0834,-3.03363
-1.9974,-0.0601781,3.09619,-3.13363
-1.98245,-0.268026,2.99174,3.04956
-1.92779,-0.461633,2.88695,2.94956
-1.83683,-0.627461,2.78279,2.84956
-1.71602,-0.755458,2.68059,2.74956
-1.57378,-0.840535,2.58147,2.64956
-1.41884,-0.882687,2.48567,2.54956
-1.25858,-0.885653,2.39221,2.44956
-1.0981,-0.85485,2.29944,2.34956
-0.940184,-0.795723,2.20586,2.24956
-0.785961,-0.713075,2.11062,2.14956
-0.635668,-0.611115,2.01345,2.04956
-0.489103,-0.493719,1.91447,1.94956
-0.345821,-0.364584,1.81388,1.84956
-0.20517,-0.227266,1.71188,1.74956
-0.0662961,-0.0851855,1.60871,1.64956
0.0718002,0.058301,1.50469,1.54956
0.210192,0.19981,1.40016,1.44956
0.349934,0.33584,1.29551,1.34956
0.491966,0.462699,1.19111,1.24956
0.636996,0.576474,1.08725,1.14956
0.785371,0.673028,0.98418,1.04956
0.936922,0.748053,0.882042,0.949556
1.0908,0.7972,0.78087,0.849556
1.24533,0.816282,0.680562,0.749556
1.39783,0.801587,0.580864,0.649556
1.54459,0.750276,0.481381,0.549556
1.68078,0.660884,0.381657,0.449556
1.80058,0.533963,0.281301,0.349556
1.89741,0.37287,0.180088,0.249556
1.96457,0.184469,0.0779111,0.149556
1.99632,-0.0207167,-0.0252754,0.0495559
1.98896,-0.22926,-0.129359,-0.0504441
1.94179,-0.426418,-0.233903,-0.150444
1.85754,-0.59829,-0.338014,-0.250444
1.74214,-0.734059,-0.440418,-0.350444
1.60369,-0.827648,-0.539904,-0.450444
1.45095,-0.87813,-0.636037,-0.550444
1.29164,-0.888641,-0.729572,-0.650444
1.13129,-0.864388,-0.822088,-0.750444
0.973074,-0.810857,-0.915162,-0.850444
0.818397,-0.732956,-1.0098,-0.950444
0.66762,-0.634963,-1.10634,-1.05044
0.520609,-0.520775,-1.20475,-1.15044
0.376969,-0.394098,-1.30482,-1.25044
0.236096,-0.258493,-1.40634,-1.35044
0.0971866,-0.117389,-1.5091,-1.45044
-0.0407266,0.0258706,-1.61279,-1.55044
-0.178699,0.167932,-1.71706,-1.65044
-0.31779,0.305344,-1.82154,-1.75044
-0.458968,0.434478,-1.92585,-1.85044
-0.602997,0.551492,-2.02967,-1.95044
-0.750316,0.65232,-2.13274,-2.05044
-0.900887,0.732709,-2.23489,-2.15044
-1.05404,0.788334,-2.33606,-2.25044
-1.20831,0.814977,-2.43632,-2.35044
-1.36129,0.808812,-2.53589,-2.45044
-1.50955,0.766772,-2.63514,-2.55044
-1.64857,0.687014,-2.73453,-2.65044
-1.77281,0.569511,-2.8345,-2.75044
-1.87587,0.416799,-2.9353,-2.85044
-1.95103,0.234755,-3.03706,-2.95044
-1.99222,0.0329444,-3.13984,-3.05044
-1.99512,-0.175884,3.03963,3.13274
-1.95817,-0.37719,2.93531,3.03274
-1.88322,-0.556679,2.83115,2.93274
-1.77539,-0.702574,2.72837,2.83274
-1.64234,-0.807487,2.62824,2.73274
-1.49279,-0.869196,2.53144,2.63274
-1.33484,-0.88993,2.43755,2.53274
-1.17462,-0.874528,2.34511,2.43274
-1.0159,-0.8285,2.25249,2.33274
-0.860448,-0.756911,2.1585,2.23274
-0.708846,-0.664165,2.06264,2.13274
-0.561058,-0.554217,1.96487,2.03274
-0.416753,-0.430795,1.86538,1.93274
-0.275387,-0.297485,1.76437,1.83274
-0.136214,-0.157734,1.66205,1.73274
0.00168775,-0.0148904,1.55871,1.63274
0.139352,0.127718,1.45469,1.53274
0.277841,0.266686,1.35035,1.43274
0.418153,0.398454,1.24609,1.33274
0.561119,0.519255,1.14223,1.23274
0.70728,0.625099,1.03905,1.13274
0.856751,0.711799,0.93677,1.03274
1.00906,0.775051,0.835468,0.932741
1.163,0.810605,0.735122,0.832741
1.31645,0.814506,0.635555,0.732741
1.46632,0.783442,0.53643,0.632741
1.60843,0.715162,0.437293,0.532741
1.73756,0.609021,0.337685,0.432741
1.84757,0.466676,0.23728,0.332741
1.9318,0.292888,0.135932,0.232741
1.98384,0.096069,0.0335764,0.132741
1.99874,-0.111934,-0.0697653,0.0327412
1.97402,-0.316975,-0.173847,-0.0672588
1.91043,-0.504475,-0.278037,-0.167259
1.81213,-0.661679,-0.381255,-0.267259
1.68611,-0.779718,-0.482186,-0.367259
1.54091,-0.854787,-0.579884,-0.467259
1.38497,-0.887891,-0.674426,-0.567259
1.22513,-0.883269,-0.767003,-0.667259
1.06585,-0.846373,-0.859287,-0.767259
0.909442,-0.782446,-0.952644,-0.867259
0.756777,-0.696068,-1.04779,-0.967259
0.607962,-0.591293,-1.14486,-1.06726
0.462746,-0.471891,-1.24373,-1.16726
0.320654,-0.34148,-1.34418,-1.26726
0.181005,-0.203541,-1.44602,-1.36726
0.0429334,-0.0614358,-1.54897,-1.46726
-0.0945642,0.0815194,-1.65273,-1.56726
-0.232546,0.221961,-1.75692,-1.66726
-0.372038,0.356396,-1.86117,-1.76726
-0.513934,0.481136,-1.9651,-1.86726
-0.658883,0.592273,-2.06844,-1.96726
-0.807152,0.685689,-2.17093,-2.06726
-0.958483,0.757117,-2.27245,-2.16726
-1.11192,0.802282,-2.37299,-2.26726
-1.26568,0.817112,-2.47267,-2.36726
-1.417,0.798054,-2.57178,-2.46726
-1.56209,0.74246,-2.67074,-2.56726
-1.69609,0.64908,-2.77004,-2.66726
-1.81317,0.518699,-2.87006,-2.76726
-1.90678,0.354921,-2.971,-2.86726
-1.97033,0.164873,-3.07293,-2.96726
-1.99826,-0.040709,3.10731,-3.06726
-1.98712,-0.248309,3.00351,3.11593
-1.93653,-0.443276,2.89934,3.01593
-1.84949,-0.611998,2.79574,2.91593
-1.73213,-0.744103,2.69398,2.81593
-1.59262,-0.834012,2.59521,2.71593
-1.43961,-0.881202,2.49977,2.61593
-1.28061,-0.889028,2.40679,2.51593
-1.12091,-0.862715,2.31467,2.41593
-0.963472,-0.807665,2.22188,2.31593
-0.809587,-0.728678,2.12748,2.21593
-0.65956,-0.629948,2.03114,2.11593
-0.513239,-0.515313,1.93295,2.01593
-0.370221,-0.388429,1.83309,1.91593
-0.229902,-0.252818,1.73177,1.81593
-0.0914766,-0.111871,1.62924,1.71593
0.0460151,0.0310957,1.52578,1.61593
0.183619,0.172752,1.42176,1.51593
0.32238,0.309662,1.31755,1.41593
0.463248,0.438219,1.21352,1.31593
0.606972,0.5546,1.11001,1.21593
0.753969,0.654763,1.00726,1.11593
0.904185,0.734493,0.905455,1.01593
1.05693,0.789505,0.804646,0.915927
1.21074,0.815634,0.704763,0.815927
1.36321,0.809112,0.605577,0.715927
1.51094,0.766925,0.506699,0.615927
1.64947,0.687259,0.40765,0.515927
1.77331,0.570076,0.307993,0.415927
1.87613,0.417852,0.207461,0.315927
1.95126,0.236366,0.105947,0.215927
1.99264,0.0350719,0.00341634,0.115927
1.99594,-0.173393,-0.100056,0.0159265
1.95956,-0.374575,-0.204119,-0.0840735
1.88529,-0.554232,-0.308006,-0.184073
1.77818,-0.700594,-0.410529,-0.284073
1.64582,-0.806231,-0.510415,-0.384073
1.49687,-0.868841,-0.60697,-0.484073
1.33941,-0.890567,-0.700626,-0.584073
1.17959,-0.876179,-0.792799,-0.684073
1.02118,-0.831147,-0.885137,-0.784073
0.866001,-0.760513,-0.978827,-0.884073
0.714631,-0.668662,-1.07439,-0.984073
0.567052,-0.559526,-1.17188,-1.08407
0.422942,-0.436814,-1.2711,-1.18407
0.281773,-0.30409,-1.37185,-1.28407
0.142814,-0.164786,-1.47392,-1.38407
0.00515585,-0.0222319,-1.57704,-1.48407
-0.132222,0.120261,-1.68086,-1.58407
-0.270374,0.25931,-1.785,-1.68407
-0.410296,0.391383,-1.88909,-1.78407
-0.552823,0.512743,-1.99279,-1.88407
-0.698511,0.619433,-2.0958,-1.98407
-0.8475,0.707299,-2.19793,-2.08407
-0.999358,0.772071,-2.29906,-2.18407
-1.15293,0.80952,-2.39922,-2.28407
-1.30618,0.815696,-2.49858,-2.38407
-1.45609,0.787263,-2.59746,-2.48407
-1.59861,0.721897,-2.69633,-2.58407
-1.72865,0.618812,-2.79567,-2.68407
-1.84016,0.47943,-2.89581,-2.78407
-1.92652,0.308189,-2.9969,-2.88407
-1.98132,0.113139,-3.09901,-2.98407
-1.99944,-0.0941871,3.08107,-3.08407
-1.97813,-0.299828,2.9772,3.09911
-1.91788,-0.489206,2.87317,2.99911
-1.82252,-0.649363,2.77001,2.89911
-1.69883,-0.771059,2.66904,2.79911
-1.55524,-0.850038,2.57124,2.69911
-1.40023,-0.886918,2.47665,2.59911
-1.2408,-0.885711,2.38416,2.49911
-1.0816,-0.851801,2.2921,2.39911
-0.925127,-0.790455,2.19906,2.29911
-0.772331,-0.706293,2.10427,2.19911
-0.623374,-0.603383,2.00755,2.09911
-0.478033,-0.485497,1.909,1.99911
-0.335855,-0.356248,1.80884,1.89911
-0.196189,-0.219115,1.70728,1.79911
-0.0581891,-0.0774567,1.60456,1.69911
0.07913,0.0654225,1.50099,1.59911
0.216819,0.206181,1.39696,1.49911
0.355906,0.341353,1.29283,1.39911
0.4973,0.46729,1.18897,1.29911
0.64168,0.580121,1.08569,1.19911
0.789363,0.675766,0.983236,1.09911
0.940158,0.74999,0.881747,0.999112
1.09321,0.798529,0.781258,0.899112
1.24683,0.817296,0.68166,0.799112
1.39842,0.802676,0.582681,0.699112
1.54432,0.751901,0.483901,0.599112
1.67985,0.663518,0.384832,0.499112
1.79932,0.537992,0.285065,0.399112
1.89627,0.378483,0.184379,0.299112
1.96409,0.191586,0.0826946,0.199112
1.99702,-0.0124591,-0.020006,0.0991118
1.99128,-0.220471,-0.123595,-0.000888157
1.94601,-0.41787,-0.227637,-0.100888
1.86376,-0.590797,-0.331258,-0.200888
1.75025,-0.728349,-0.433209,-0.300888
1.61344,-0.824249,-0.532289,-0.400888
1.46201,-0.877317,-0.628029,-0.500888
1.30366,-0.890467,-0.721132,-0.600888
1.14401,-0.868766,-0.813137,-0.700888
0.986327,-0.817641,-0.905632,-0.800888
0.832071,-0.741971,-0.999656,-0.900888
0.681651,-0.646007,-1.0956,-1.00089
0.534963,-0.533609,-1.19343,-1.10089
0.391638,-0.408444,-1.29295,-1.20089
0.251103,-0.27404,-1.39397,-1.30089
0.112587,-0.133796,-1.49625,-1.40089
-0.0248487,0.00897312,-1.5995,-1.50089
-0.162237,0.150954,-1.70338,-1.60089
-0.300625,0.288742,-1.8075,-1.70089
-0.440981,0.418766,-1.91148,-1.80089
-0.584089,0.537249,-2.015,-1.90089
-0.730425,0.640191,-2.11779,-2.00089
-0.880018,0.72341,-2.21965,-2.10089
-1.03229,0.782637,-2.3205,-2.20089
-1.18591,0.813688,-2.42041,-2.30089
-1.33865,0.812723,-2.51956,-2.40089
-1.48729,0.776592,-2.61834,-2.50089
-1.62754,0.703255,-2.71721,-2.60089
-1.75411,0.59233,-2.81664,-2.70089
-1.86081,0.445802,-2.91692,-2.80089
-1.94099,0.268822,-3.01819,-2.90089
-1.98842,0.0702013,-3.12047,-3.00089
-1.99838,-0.137915,3.05947,-3.10089
-1.96878,-0.341279,2.95555,3.0823
-1.90078,-0.525478,2.85164,2.9823
-1.79891,-0.678182,2.74888,2.8823
-1.67039,-0.791136,2.64857,2.7823
-1.52382,-0.861164,2.55153,2.6823
-1.36745,-0.889745,2.45755,2.5823
-1.20784,-0.881333,2.36533,2.4823
-1.04913,-0.841373,2.27321,2.3823
-0.893438,-0.775005,2.1799,2.2823
-0.741499,-0.686709,2.08475,2.1823
-0.593373,-0.580467,1.98768,2.0823
-0.44878,-0.460008,1.88882,1.9823
-0.30723,-0.328913,1.78839,1.8823
-0.168029,-0.190628,1.6866,1.7823
-0.0303005,-0.0484928,1.58372,1.6823
0.10696,0.0941923,1.48006,1.5823
0.244804,0.23407,1.37601,1.4823
0.384243,0.367644,1.27194,1.3823
0.526147,0.491226,1.1682,1.2823
0.671132,0.600904,1.06511,1.1823
0.819425,0.692565,0.96288,1.0823
0.970713,0.76196,0.861633,0.982297
1.12399,0.804847,0.761379,0.882297
1.27739,0.817212,0.661976,0.782297
1.42811,0.795583,0.563119,0.682297
1.5723,0.737419,0.464364,0.582297
1.70507,0.641592,0.365224,0.482297
1.82057,0.509032,0.265322,0.382297
1.91224,0.343521,0.164474,0.282297
1.97358,0.152373,0.0626167,0.182297
1.9991,-0.0535202,-0.0402482,0.0822972
1.98554,-0.260565,-0.143944,-0.0177028
1.93271,-0.454153,-0.247954,-0.117703
1.84381,-0.620847,-0.351319,-0.217703
1.7251,-0.750553,-0.452753,-0.317703
1.58479,-0.838008,-0.551144,-0.417703
1.4315,-0.882954,-0.646242,-0.517703
1.27258,-0.888887,-0.738962,-0.617703
1.11317,-0.861061,-0.830917,-0.717703
0.956131,-0.804827,-0.923619,-0.817703
0.802655,-0.724929,-1.01797,-0.917703
0.653019,-0.625516,-1.11427,-1.0177
0.507058,-0.510397,-1.21241,-1.1177
0.364361,-0.383206,-1.31222,-1.2177
0.224318,-0.247443,-1.41348,-1.3177
0.0861211,-0.106484,-1.51594,-1.4177
-0.0511898,0.0363668,-1.61932,-1.5177
-0.188657,0.177787,-1.72325,-1.6177
-0.327319,0.314347,-1.82735,-1.7177
-0.468117,0.44244,-1.93125,-1.8177
-0.611784,0.558249,-2.03462,-1.9177
-0.758721,0.657738,-2.13722,-2.0177
-0.908855,0.736701,-2.23886,-2.1177
-1.06148,0.790874,-2.3395,-2.2177
-1.21509,0.816118,-2.43921,-2.3177
-1.36729,0.8087,-2.53823,-2.4177
-1.51466,0.76565,-2.63695,-2.5177
-1.65273,0.685195,-2.73587,-2.6177
-1.77601,0.567341,-2.83542,-2.7177
-1.8782,0.414603,-2.93586,-2.8177
-1.95264,0.2328,-3.03729,-2.9177
-1.99331,0.0314146,-3.13975,-3.0177
-1.9959,-0.1769,3.04005,-3.1177
-1.9589,-0.377709,2.93609,3.06548
-1.88413,-0.556821,2.83232,2.96548
-1.77667,-0.702546,2.72995,2.86548
-1.64413,-0.807545,2.63024,2.76548
-1.49516,-0.869594,2.53385,2.66548
-1.3378,-0.89088,2.44034,2.56548
-1.17814,-0.876179,2.34829,2.46548
-1.01992,-0.830944,2.25605,2.36548
-0.864929,-0.760193,2.16245,2.26548
-0.713738,-0.66829,2.06696,2.16548
-0.566324,-0.559152,1.96955,2.06548
-0.422365,-0.436475,1.87041,1.96548
-0.281334,-0.303811,1.76973,1.86548
-0.142501,-0.164584,1.66773,1.76548
-0.00496054,-0.0221165,1.56469,1.66548
0.132306,0.120289,1.46094,1.56548
0.270348,0.259256,1.35687,1.46548
0.410159,0.391259,1.25286,1.36548
0.552572,0.512568,1.14924,1.26548
0.698139,0.619236,1.04631,1.16548
0.847,0.707118,0.944267,1.06548
0.998725,0.771957,0.843225,0.965482
1.15216,0.809535,0.743163,0.865482
1.30529,0.815916,0.643908,0.765482
1.4551,0.787768,0.545128,0.665482
1.59758,0.72277,0.446358,0.565482
1.72764,0.620118,0.34712,0.465482
1.83927,0.481198,0.247071,0.365482
1.92588,0.310389,0.146056,0.265482
1.98105,0.115676,0.0440266,0.165482
1.99963,-0.0914716,-0.0589969,0.0654825
1.97886,-0.297135,-0.162786,-0.0345175
1.91915,-0.486753,-0.266749,-0.134518
1.82431,-0.647348,-0.369846,-0.234518
1.70106,-0.769626,-0.470778,-0.334518
1.5578,-0.849264,-0.568538,-0.434518
1.40302,-0.886813,-0.66309,-0.534518
1.24372,-0.886238,-0.755528,-0.634518
1.08461,-0.852905,-0.847506,-0.734518
0.928181,-0.79208,-0.940445,-0.834518
0.775416,-0.708381,-1.03513,-0.934518
0.626483,-0.605876,-1.13176,-1.03452
0.481165,-0.488332,-1.23021,-1.13452
0.339014,-0.359358,-1.33028,-1.23452
0.199385,-0.222429,-1.43176,-1.33452
0.0614381,-0.0809004,-1.5344,-1.43452
-0.0758073,0.0619283,-1.6379,-1.53452
-0.213398,0.202722,-1.74188,-1.63452
-0.352364,0.338025,-1.84596,-1.73452
-0.493614,0.464195,-1.94977,-1.83452
-0.637832,0.577376,-2.05301,-1.93452
-0.785347,0.673499,-2.15543,-2.03452
-0.935981,0.748338,-2.25688,-2.13452
-1.0889,0.797635,-2.35733,-2.23452
-1.24245,0.817306,-2.45688,-2.33452
-1.39405,0.803727,-2.5558,-2.43452
-1.5401,0.754105,-2.65451,-2.53452
-1.67594,0.666942,-2.7535,-2.63452
-1.79594,0.542627,-2.85318,-2.73452
-1.89366,0.384209,-2.95378,-2.83452
-1.96251,0.198148,-3.05539,-2.93452
-1.99666,-0.00544942,3.12518,-3.03452
-1.99225,-0.213494,3.02166,-3.13452
-1.94832,-0.411435,2.91767,3.04867
-1.8673,-0.585367,2.81407,2.94867
-1.7548,-0.72426,2.7121,2.84867
-1.61873,-0.821667,2.61296,2.74867
-1.46774,-0.876239,2.51717,2.64867
-1.30961,-0.890772,2.42405,2.54867
-1.15001,-0.870284,2.33209,2.44867
-0.992296,-0.820201,2.23968,2.34867
-0.837971,-0.745422,2.14577,2.24867
-0.687474,-0.65021,2.04995,2.14867
-0.540713,-0.53843,1.95223,2.04867
-0.397327,-0.413747,1.85281,1.94867
-0.256754,-0.279692,1.75188,1.84867
-0.11823,-0.139664,1.64969,1.74867
0.0191759,0.00302508,1.54651,1.64867
0.156492,0.145066,1.44268,1.54867
0.294766,0.283062,1.3386,1.44867
0.43497,0.413454,1.23464,1.34867
0.577896,0.532477,1.13113,1.24867
0.724034,0.636146,1.02835,1.14867
0.873436,0.72029,0.926491,1.04867
1.02556,0.780645,0.825636,0.948668
1.1791,0.813025,0.725741,0.848668
1.33187,0.813576,0.626609,0.748668
1.48071,0.779112,0.527876,0.648668
1.6214,0.707537,0.429067,0.548668
1.74868,0.598377,0.329715,0.448668
1.85642,0.453481,0.22951,0.348668
1.93797,0.277826,0.128328,0.248668
1.98706,0.0800383,0.0261257,0.148668
1.99889,-0.127887,-0.0770499,0.0486678
1.9712,-0.331776,-0.180918,-0.0513322
1.905,-0.517179,-0.284809,-0.151332
1.80466,-0.671624,-0.387615,-0.251332
1.67729,-0.786629,-0.488038,-0.351332
1.53145,-0.85877,-0.5852,-0.451332
1.37545,-0.889329,-0.67927,-0.551332
1.21593,-0.882656,-0.771499,-0.651332
1.05716,-0.844179,-0.86355,-0.751332
0.901343,-0.779066,-0.956749,-0.851332
0.749257,-0.691822,-1.05176,-0.951332
0.600985,-0.586444,-1.14871,-1.05133
0.456264,-0.466665,-1.24745,-1.15133
0.314612,-0.33607,-1.34778,-1.25133
0.175348,-0.19811,-1.44948,-1.35133
0.0376035,-0.0561253,-1.55229,-1.45133
-0.0996187,0.0865862,-1.65589,-1.55133
-0.237369,0.226674,-1.75991,-1.65133
-0.376663,0.360655,-1.86396,-1.75133
-0.518379,0.484852,-1.96769,-1.85133
-0.66315,0.595371,-2.0708,-1.95133
-0.811227,0.688108,-2.17306,-2.05133
-0.962329,0.758826,-2.27433,-2.15133
-1.11549,0.803278,-2.3746,-2.25133
-1.26891,0.817437,-2.47401,-2.35133
-1.41982,0.797795,-2.57286,-2.45133
-1.56446,0.74175,-2.67157,-2.55133
-1.69799,0.64808,-2.77065,-2.65133
-1.81461,0.517576,-2.87047,-2.75133
-1.9078,0.353828,-2.97124,-2.85133
-1.97103,0.163928,-3.07301,-2.95133
-1.99873,-0.0414282,3.10738,-3.05133
-1.98748,-0.248773,3.00375,3.13185
-1.93688,-0.443507,2.89976,3.03185
-1.84996,-0.612067,2.79635,2.93185
-1.73279,-0.74412,2.69479,2.83185
-1.59354,-0.834103,2.59623,2.73185
-1.44083,-0.881486,2.50098,2.63185
-1.28211,-0.889599,2.40819,2.53185
-1.12267,-0.863638,2.31626,2.43185
-0.965471,-0.808977,2.22366,2.33185
-0.811802,-0.730395,2.12944,2.23185
-0.66197,-0.632068,2.03329,2.13185
-0.515827,-0.517815,1.93526,2.03185
-0.372977,-0.391278,1.83557,1.93185
-0.232821,-0.255961,1.73442,1.83185
-0.0945645,-0.115245,1.63203,1.73185
0.0427456,0.0275649,1.52871,1.63185
0.180148,0.169152,1.42482,1.53185
0.318683,0.306097,1.32074,1.43185
0.4593,0.434808,1.21684,1.33185
0.602747,0.551481,1.11344,1.23185
0.749451,0.652097,1.01081,1.13185
0.899372,0.73246,0.909125,1.03185
1.05185,0.788306,0.808446,0.931853
1.20543,0.815486,0.708706,0.831853
1.35778,0.810235,0.609676,0.731853
1.50555,0.769523,0.510971,0.631853
1.64433,0.69149,0.412103,0.531853
1.76871,0.576004,0.312625,0.431853
1.87243,0.425393,0.212262,0.331853
1.94885,0.245239,0.11091,0.231853
1.99184,0.0447895,0.00853636,0.131853
1.99697,-0.163481,-0.0947837,0.0318531
1.96253,-0.3652,-0.198712,-0.0681469
1.89009,-0.546098,-0.302503,-0.168147
1.78456,-0.694261,-0.404988,-0.268147
1.65342,-0.802032,-0.504888,-0.368147
1.50528,-0.866859,-0.601471,-0.468147
1.34828,-0.890689,-0.695112,-0.568147
1.18865,-0.878191,-0.78719,-0.668147
1.03029,-0.834815,-0.879357,-0.768147
0.875085,-0.76562,-0.972834,-0.868147
0.723663,-0.675007,-1.06818,-0.968147
0.576027,-0.566912,-1.16545,-1.06815
0.431874,-0.445039,-1.26447,-1.16815
0.290688,-0.312948,-1.36504,-1.26815
0.151753,-0.17407,-1.46695,-1.36815
0.0141743,-0.0317303,-1.56992,-1.46815
-0.12306,0.110771,-1.67361,-1.56815
-0.261001,0.250065,-1.77766,-1.66815
-0.400648,0.382641,-1.88168,-1.76815
-0.542846,0.504784,-1.98533,-1.86815
-0.688172,0.612563,-2.0883,-1.96815
-0.836798,0.701846,-2.19039,-2.06815
-0.988337,0.768381,-2.29149,-2.16815
-1.14169,0.807942,-2.3916,-2.26815
-1.2949,0.816569,-2.49088,-2.36815
-1.44504,0.790877,-2.58966,-2.46815
-1.58815,0.728463,-2.6884,-2.56815
-1.71923,0.628399,-2.78758,-2.66815
-1.83232,0.491893,-2.88756,-2.76815
-1.92087,0.323091,-2.98849,-2.86815
-1.97839,0.129716,-3.09044,-2.96815
-1.99962,-0.0769825,3.0898,-3.06815
-1.98161,-0.283209,2.98606,3.11504
-1.92453,-0.47438,2.88209,3.01504
-1.83195,-0.637338,2.7789,2.91504
-1.71042,-0.76248,2.6778,2.81504
-1.56829,-0.845123,2.57981,2.71504
-1.41408,-0.885513,2.48507,2.61504
-1.25494,-0.887442,2.39255,2.51504
-1.09573,-0.856234,2.30061,2.41504
-0.939079,-0.797188,2.20778,2.31504
-0.78606,-0.71497,2.11324,2.21504
-0.636878,-0.613674,2.01676,2.11504
-0.491331,-0.497082,1.91844,2.01504
-0.348989,-0.368811,1.81849,1.91504
-0.20922,-0.232344,1.7171,1.81504
-0.0711972,-0.0910417,1.61454,1.71504
0.0660517,0.0517945,1.5111,1.61504
0.203572,0.192837,1.40715,1.51504
0.342395,0.32864,1.30308,1.41504
0.483445,0.455579,1.19924,1.31504
0.627424,0.569813,1.09596,1.21504
0.77469,0.667288,0.993482,1.11504
0.925107,0.743788,0.891967,1.01504
1.07789,0.795053,0.791458,0.915038
1.23146,0.816978,0.691862,0.815038
1.38329,0.805896,0.592921,0.715038
1.52987,0.758943,0.494225,0.615038
1.66661,0.674509,0.395284,0.515038
1.78795,0.552822,0.295672,0.415038
1.8875,0.396711,0.195146,0.315038
1.95864,0.212366,0.0936231,0.215038
1.99546,0.00964095,-0.00891967,0.115038
1.99392,-0.198553,-0.112375,0.0150384
1.95283,-0.397709,-0.216344,-0.0849616
1.87435,-0.573796,-0.320003,-0.184962
1.76391,-0.715512,-0.422132,-0.284962
1.62927,-0.816042,-0.521494,-0.384962
1.4791,-0.873682,-0.617516,-0.484962
1.32127,-0.890983,-0.710775,-0.584962
1.16166,-0.87287,-0.802756,-0.684962
1.00374,-0.824783,-0.895075,-0.784962
0.849159,-0.751667,-0.988845,-0.884962
0.698391,-0.657824,-1.08452,-0.984962
0.551375,-0.54714,-1.1821,-1.08496
0.407768,-0.423291,-1.2814,-1.18496
0.267021,-0.289814,-1.38221,-1.28496
0.128384,-0.150119,-1.48432,-1.38496
-0.00906073,-0.00752034,-1.58743,-1.48496
-0.146339,0.134676,-1.69122,-1.58496
-0.2845,0.273084,-1.79528,-1.68496
-0.424524,0.404159,-1.89926,-1.78496
-0.567219,0.524152,-2.00281,-1.88496
-0.713103,0.629094,-2.10564,-1.98496
-0.862265,0.714826,-2.20757,-2.08496
-1.01421,0.777088,-2.30849,-2.18496
-1.1677,0.811681,-2.40845,-2.28496
-1.32062,0.814716,-2.50762,-2.38496
-1.46987,0.782947,-2.60636,-2.48496
-1.61132,0.714179,-2.70514,-2.58496
-1.7398,0.607796,-2.80443,-2.68496
-1.84921,0.465444,-2.90456,-2.78496
-1.93294,0.291842,-3.00566,-2.88496
-1.98465,0.0953377,-3.10778,-2.98496
-1.99937,-0.112296,3.0723,-3.08496
-1.97465,-0.316989,2.96847,3.09822
-1.91122,-0.504239,2.86456,2.99822
-1.81322,-0.661352,2.76163,2.89822
-1.6876,-0.779492,2.66099,2.79822
-1.54284,-0.854853,2.56358,2.69822
-1.38736,-0.888407,2.46932,2.59822
-1.22793,-0.884345,2.37702,2.49822
-1.06902,-0.848074,2.28501,2.39822
-0.912946,-0.784803,2.19194,2.29822
-0.760578,-0.699085,2.09707,2.19822
-0.612033,-0.594945,2.00027,2.09822
-0.467065,-0.47613,1.90166,1.99822
-0.325209,-0.346233,1.80145,1.89822
-0.185799,-0.208716,1.69985,1.79822
-0.0479797,-0.0669248,1.59712,1.69822
0.0892398,0.0758433,1.49357,1.59822
0.226908,0.216245,1.38957,1.49822
0.366047,0.35081,1.28551,1.39822
0.507548,0.475878,1.18175,1.29822
0.652068,0.58757,1.07859,1.19822
0.79989,0.6818,0.976266,1.09822
0.950782,0.754335,0.874922,0.998224
1.10383,0.800924,0.774579,0.898224
1.25731,0.817515,0.675117,0.798224
1.40853,0.800548,0.576251,0.698224
1.55379,0.747337,0.47755,0.598224
1.68835,0.656536,0.378522,0.498224
1.80647,0.528756,0.278768,0.398224
1.90169,0.367343,0.178078,0.298224
1.96741,0.179109,0.0763835,0.198224
1.99797,-0.0255105,-0.0263261,0.0982237
1.98975,-0.233211,-0.129906,-0.00177631
1.94209,-0.429408,-0.233892,-0.101776
1.85776,-0.600381,-0.337385,-0.201776
1.74264,-0.735482,-0.439124,-0.301776
1.60478,-0.828757,-0.537933,-0.401776
1.45281,-0.879317,-0.633415,-0.501776
1.29434,-0.890262,-0.726339,-0.601776
1.13482,-0.866716,-0.818271,-0.701776
0.977399,-0.814076,-0.910776,-0.801776
0.823446,-0.737176,-1.00485,-0.901776
0.673327,-0.640228,-1.10085,-1.00178
0.526917,-0.527069,-1.19874,-1.10178
0.383837,-0.401351,-1.2983,-1.20178
0.243505,-0.26659,-1.39935,-1.30178
0.105139,-0.126175,-1.50165,-1.40178
-0.0322041,0.0165886,-1.6049,-1.50178
-0.169558,0.158386,-1.70876,-1.60178
-0.307967,0.29581,-1.81284,-1.70178
-0.44839,0.425284,-1.91677,-1.80178
-0.591596,0.543022,-2.02021,-1.90178
-0.73804,0.645018,-2.1229,-2.00178
-0.887723,0.727091,-2.22466,-2.10178
-1.04004,0.784975,-2.32542,-2.20178
-1.1936,0.814505,-2.42522,-2.30178
-1.34615,0.811875,-2.52429,-2.40178
-1.49441,0.773984,-2.623,-2.50178
-1.63406,0.698864,-2.72183,-2.60178
-1.75977,0.586227,-2.82125,-2.70178
-1.86532,0.43818,-2.92153,-2.80178
-1.94407,0.26003,-3.02281,-2.90178
-1.98983,0.0607437,-3.1251,-3.00178
-1.99799,-0.147418,3.05483,-3.10178
-1.96659,-0.350165,2.95093,3.08141
-1.89696,-0.53314,2.8471,2.98141
-1.79376,-0.684172,2.74447,2.88141
-1.6643,-0.795224,2.64433,2.78141
-1.51717,-0.863355,2.54749,2.68141
-1.3606,-0.890217,2.45367,2.58141
-1.20102,-0.88034,2.36153,2.48141
-1.04248,-0.839169,2.26943,2.38141
-0.886993,-0.771813,2.17608,2.28141
-0.735275,-0.682719,2.08089,2.18141
-0.587357,-0.575848,1.98377,2.08141
-0.442953,-0.454917,1.88488,1.98141
-0.301562,-0.323497,1.78442,1.88141
-0.162485,-0.185029,1.68261,1.78141
-0.0248394,-0.0428418,1.57971,1.68141
0.112381,0.0997639,1.47606,1.58141
0.250228,0.23943,1.37203,1.48141
0.389706,0.372656,1.26799,1.38141
0.531678,0.495747,1.16431,1.28141
0.676746,0.604788,1.06128,1.18141
0.825118,0.69566,0.959118,1.08141
0.976457,0.764118,0.857946,0.981409
1.12972,0.805927,0.757765,0.881409
1.28303,0.817094,0.658428,0.781409
1.43354,0.794179,0.559624,0.681409
1.57736,0.734684,0.460902,0.581409
1.70957,0.637546,0.361775,0.481409
1.8243,0.503778,0.261873,0.381409
1.915,0.337268,0.161018,0.281409
1.97515,0.145451,0.0591508,0.181409
1.99936,-0.0606779,-0.043722,0.081409
1.98445,-0.267467,-0.147413,-0.018591
1.93033,-0.460318,-0.251392,-0.118591
1.84033,-0.62588,-0.354682,-0.218591
1.72077,-0.75421,-0.455997,-0.318591
1.57994,-0.840222,-0.554243,-0.418591
1.42639,-0.883811,-0.649209,-0.518591
1.26743,-0.888561,-0.741846,-0.618591
1.1081,-0.859747,-0.833776,-0.718591
0.951206,-0.802702,-0.926493,-0.818591
0.797892,-0.722144,-1.02088,-0.918591
0.648415,-0.622203,-1.11721,-1.01859
0.502599,-0.506677,-1.21539,-1.11859
0.360029,-0.379194,-1.31522,-1.21859
0.220088,-0.243247,-1.4165,-1.31859
0.0819636,-0.102206,-1.51898,-1.41859
-0.0553068,0.0406279,-1.62236,-1.51859
-0.192766,0.181931,-1.72628,-1.61859
-0.33145,0.318272,-1.83036,-1.71859
-0.472294,0.44604,-1.93423,-1.81859
-0.616024,0.561413,-2.03756,-1.91859
-0.763028,0.660351,-2.14011,-2.01859
-0.913215,0.738649,-2.2417,-2.11859
-1.06586,0.792044,-2.34228,-2.21859
-1.21944,0.81641,-2.44194,-2.31859
-1.37152,0.808034,-2.54092,-2.41859
-1.51866,0.763974,-2.63962,-2.51859
-1.65636,0.682502,-2.73852,-2.61859
-1.77913,0.563678,-2.83807,-2.71859
-1.88063,0.410094,-2.93851,-2.81859
-1.95423,0.227658,-3.03996,-2.91859
-1.99393,0.0259439,3.14077,-3.01859
-1.99548,-0.182335,3.03737,-3.11859
-1.95746,-0.382727,2.93342,3.06459
-1.88177,-0.561084,2.8297,2.96459
-1.77357,-0.705813,2.7274,2.86459
-1.64052,-0.809705,2.62779,2.76459
-1.49127,-0.870668,2.53151,2.66459
-1.33381,-0.89098,2.43809,2.56459
-1.17418,-0.875453,2.34607,2.46459
-1.01606,-0.829535,2.25382,2.36459
-0.861182,-0.758225,2.16019,2.26459
-0.710113,-0.665869,2.06467,2.16459
-0.562813,-0.556376,1.96724,2.06459
-0.418957,-0.433433,1.86807,1.96459
-0.278011,-0.30059,1.76737,1.86459
-0.139241,-0.161265,1.66536,1.76459
-0.00173966,-0.018776,1.56231,1.66459
0.135513,0.123573,1.45857,1.56459
0.273566,0.262404,1.35451,1.46459
0.413409,0.394189,1.25051,1.36459
0.555869,0.515195,1.14692,1.26459
0.701491,0.62147,1.04402,1.16459
0.850403,0.708869,0.942019,1.06459
1.00216,0.773134,0.841017,0.964594
1.15559,0.810054,0.740993,0.864594
1.30865,0.815705,0.641772,0.764594
1.45833,0.786776,0.543016,0.664594
1.60057,0.720972,0.444259,0.564594
1.73028,0.61753,0.345023,0.464594
1.84143,0.47789,0.244968,0.364594
1.92743,0.306499,0.143945,0.264594
1.98186,0.111414,0.0419062,0.164594
1.99963,-0.095831,-0.0611247,0.0645943
1.97804,-0.30129,-0.164913,-0.0354057
1.91756,-0.490415,-0.268856,-0.135406
1.82207,-0.650287,-0.371907,-0.235406
1.69832,-0.771709,-0.472766,-0.335406
1.55476,-0.850465,-0.570442,-0.435406
1.39985,-0.887195,-0.664921,-0.535406
1.24054,-0.885911,-0.757319,-0.635406
1.08148,-0.851986,-0.84929,-0.735406
0.92514,-0.790673,-0.942245,-0.835406
0.77247,-0.706576,-1.03696,-0.935406
0.62363,-0.603753,-1.13361,-1.03541
0.478394,-0.485965,-1.23208,-1.13541
0.336316,-0.356817,-1.33217,-1.23541
0.196742,-0.21978,-1.43367,-1.33541
0.0588327,-0.0782065,-1.53632,-1.43541
-0.0783954,0.0646042,-1.63982,-1.53541
-0.21599,0.205317,-1.7438,-1.63541
-0.354976,0.340473,-1.84786,-1.73541
-0.496262,0.466429,-1.95166,-1.83541
-0.640526,0.579324,-2.05488,-1.93541
-0.788088,0.675086,-2.15727,-2.03541
-0.938759,0.749491,-2.25869,-2.13541
-1.09169,0.798283,-2.35911,-2.23541
-1.24521,0.817384,-2.45864,-2.33541
-1.39673,0.803183,-2.55753,-2.43541
-1.54262,0.752908,-2.65623,-2.53541
-1.67823,0.665088,-2.75521,-2.63541
-1.79788,0.540153,-2.8549,-2.73541
-1.89515,0.381202,-2.95551,-2.83541
-1.96343,0.194756,-3.05713,-2.93541
-1.99693,-0.0090219,3.12343,-3.03541
-1.99185,-0.217005,3.01991,-3.13541
-1.94726,-0.414637,2.91593,3.04778
-1.86565,-0.588046,2.81235,2.94778
-1.7527,-0.726271,2.71043,2.84778
-1.61631,-0.822951,2.61136,2.74778
-1.46516,-0.876819,2.51563,2.64778
-1.30697,-0.890727,2.42255,2.54778
-1.1474,-0.86971,2.3306,2.44778
-0.989746,-0.819188,2.23819,2.34778
-0.835496,-0.744049,2.14426,2.24778
-0.685074,-0.648545,2.04841,2.14778
-0.538382,-0.536535,1.95067,2.04778
-0.395059,-0.411682,1.85123,1.94778
-0.254535,-0.277513,1.75029,1.84778
-0.116047,-0.137425,1.64808,1.74778
0.0213396,0.00527218,1.5449,1.64778
0.158653,0.147269,1.44107,1.54778
0.296941,0.285166,1.337,1.44778
0.437173,0.415405,1.23304,1.34778
0.580136,0.534215,1.12955,1.24778
0.726316,0.637609,1.02679,1.14778
0.875755,0.721415,0.924956,1.04778
1.0279,0.781371,0.824124,0.94778
1.18144,0.813293,0.724252,0.84778
1.33417,0.813336,0.625138,0.74778
1.48291,0.778329,0.526417,0.64778
1.62342,0.706197,0.427611,0.54778
1.75045,0.596493,0.328256,0.44778
1.85784,0.451107,0.228044,0.34778
1.93895,0.275065,0.126852,0.24778
1.98753,0.0770445,0.0246412,0.14778
1.99878,-0.130918,-0.0785417,0.0477796
1.97052,-0.334632,-0.18241,-0.0522204
1.90379,-0.519661,-0.286287,-0.15222
1.80301,-0.673582,-0.389061,-0.25222
1.67532,-0.78798,-0.489434,-0.35222
1.52928,-0.859506,-0.58654,-0.45222
1.3732,-0.889499,-0.680566,-0.55222
1.21368,-0.882338,-0.772774,-0.65222
1.05495,-0.843454,-0.864828,-0.75222
0.899191,-0.778005,-0.958043,-0.85222
0.747168,-0.690485,-1.05308,-0.95222
0.598957,-0.584887,-1.15005,-1.05222
0.45429,-0.46494,-1.24881,-1.15222
0.312684,-0.334225,-1.34915,-1.25222
0.173454,-0.196193,-1.45086,-1.35222
0.0357304,-0.0541815,-1.55368,-1.45222
-0.101485,0.088512,-1.65729,-1.55222
-0.239244,0.228536,-1.7613,-1.65222
-0.378558,0.362405,-1.86535,-1.75222
-0.520306,0.48644,-1.96907,-1.85222
-0.665114,0.596744,-2.07216,-1.95222
-0.813227,0.689212,-2.1744,-2.05222
-0.964358,0.759605,-2.27565,-2.15222
-1.11753,0.803679,-2.37591,-2.25222
-1.27093,0.817413,-2.4753,-2.35222
-1.42178,0.797309,-2.57414,-2.45222
-1.5663,0.740779,-2.67285,-2.55222
-1.69964,0.646624,-2.77192,-2.65222
-1.81599,0.515666,-2.87175,-2.75222
-1.90883,0.351533,-2.97253,-2.85222
-1.97163,0.161366,-3.07432,-2.95222
-1.99884,-0.0440986,3.10607,-3.05222
-1.98709,-0.251369,3.00243,3.13096
-1.936,-0.445845,2.89845,3.03096
-1.84865,-0.613993,2.79506,2.93096
-1.73116,-0.745534,2.69354,2.83096
-1.59169,-0.834971,2.59503,2.73096
-1.43886,-0.881833,2.49982,2.63096
-1.28012,-0.889485,2.40706,2.53096
-1.12069,-0.863134,2.31513,2.43096
-0.963543,-0.80815,2.22252,2.33096
-0.809927,-0.729302,2.12828,2.23096
-0.660148,-0.630759,2.0321,2.13096
-0.514054,-0.516337,1.93406,2.03096
-0.371247,-0.389674,1.83435,1.93096
-0.231124,-0.254275,1.73318,1.83096
-0.0928899,-0.113518,1.63079,1.73096
0.0444104,0.0292942,1.52747,1.63096
0.181816,0.170843,1.42358,1.53096
0.320366,0.307707,1.3195,1.43096
0.461009,0.436292,1.2156,1.33096
0.604489,0.552794,1.11221,1.23096
0.751229,0.65319,1.0096,1.13096
0.90118,0.733283,0.907927,1.03096
1.05367,0.788811,0.807264,0.930965
1.20725,0.815627,0.707538,0.830965
1.35957,0.809973,0.608519,0.730965
1.50725,0.76883,0.509819,0.630965
