0.230494
0
0.230494
0.230494
0
0.230494
0
0
0
0
0
0
0
0
0
1
0
1
0
0
0
0
0
0
0
0
0
0.00739475
0
0.00739475
0
0
0
0
0
0
0
0
0
0
0
0
0
0
0
0
0
0
0
0
0
0
0
0
0
0
0
0
0
0
0
0
0
0
0
0
0
0
0
0
0
0
0
0
0
0
0
0
0
0
0
0
0
0
0
0
0
0
0
0
0
0
0
0
0
0
0
0
0
0
0
0
0
0
0
0
0
0
0
0
0
0
0
0
0
0
0
0
0
0
0
0
0
0
0
0
0
0
0
0
0
0
0
0
0
0
0
0
0
0
0
0
0
0
0
0
0
0
0
0
0
0
0
0
0
0
0
0
0
0
0
0
0
0
0
0
0
0
0
0
0
0
0
0
0
0
0
0
0
0
0
0
0
0
0
0
0
0
0
0
0
0
0
0
0
0
0
0
0
0
0
0
0
0
0
0
0
0
0
0
0
0
0
0
0
0
0
0
0
0
0
0
0
0
0
0
0
0
0
0
0
0
0
0
0
0
0
0
0
0
0
0
0
0
0
0
0
0
0
0
0
0
0
0
0
0
0
0
0
0
0
0
0
0
0
0
0
0
0
0
0
0
0
0
0
0
0
0
0
0
0
0
0
0
0
0
0
0
0
0
0
0
0
0
0
0
0
0
0
0
0
0
0
0
0
0
0
0
0
0
0
0
0
0
0
0
0
0
0
0
0
0.00250332
0
0.00250332
0
0
0
0.00583881
0
0.00583881
0
0
0
0.00912603
0
0.00912603
0
0
0
0.0123709
0
0.0123709
0
0
0
0.0155666
0
0.0155666
0
0
0
0.0187118
0
0.0187118
0
0
0
0.0218037
0
0.0218037
0
0
0
0.0248405
0
0.0248405
0
0
0
0.0278202
0
0.0278202
0
0
0
0.0307414
0
0.0307414
0
0
0
0.0336026
0
0.0336026
0
0
0
0.0364027
0
0.0364027
0
0
0
0.0391407
0
0.0391407
0
0
0
0.0418157
0
0.0418157
0
0
0
0.0444271
0
0.0444271
0
0
0
0.0469744
0
0.0469744
0
0
0
0.0494573
0
0.0494573
0
0
0
0.0518755
0
0.0518755
0
0
0
0.0542289
0
0.0542289
0
0
0
0.0565177
0
0.0565177
0
0
0
0.0587421
0
0.0587421
0
0
0
0.0609022
0
0.0609022
0
0
0
0.0629987
0
0.0629987
0
0
0
0.065032
0
0.065032
0
0
0
0.0670027
0
0.0670027
0
0
0
0.0689116
0
0.0689116
0
0
0
0.0707594
0
0.0707594
0
0
0
0.0725472
0
0.0725472
0
0
0
0.0742757
0
0.0742757
0
0
0
0.0759461
0
0.0759461
0
0
0
0.0775595
0
0.0775595
0
0
0
0.0791169
0
0.0791169
0
0
0
0.0806196
0
0.0806196
0
0
0
0.0820687
0
0.0820687
0
0
0
0.0834655
0
0.0834655
0
0
0
0.0848113
0
0.0848113
0
0
0
0.0861073
0
0.0861073
0
0
0
0.0873549
0
0.0873549
0
0
0
0.0885553
0
0.0885553
0
0
0
0.0897099
0
0.0897099
0
0
0
0.0908201
0
0.0908201
0
0
0
0.091887
0
0.091887
0
0
0
0.0929121
0
0.0929121
0
0
0
0.0938967
0
0.0938967
0
0
0
0.0948419
0
0.0948419
0
0
0
0.0957492
0
0.0957492
0
0
0
0.0966198
0
0.0966198
0
0
0
0.0974549
0
0.0974549
0
0
0
0.0982557
0
0.0982557
0
0
0
0.0990235
0
0.0990235
0
0
0
0.0997594
0
0.0997594
0
0
0
0.100464
0
0.100464
0
0
0
0.10114
0
0.10114
0
0
0
0.101787
0
0.101787
0
0
0
0.102407
0
0.102407
0
0
0
0.103
0
0.103
0
0
0
0.103567
0
0.103567
0
0
0
0.104111
0
0.104111
0
0
0
0.104631
0
0.104631
0
0
0
0.105128
0
0.105128
0
0
0
0.105604
0
0.105604
0
0
0
0.106059
0
0.106059
0
0
0
0.106494
0
0.106494
0
0
0
0.10691
0
0.10691
0
0
0
0.107307
0
0.107307
0
0
0
0.107687
0
0.107687
0
0
0
0.10805
0
0.10805
0
0
0
0.108397
0
0.108397
0
0
0
0.108729
0
0.108729
0
0
0
0.109046
0
0.109046
0
0
0
0.109348
0
0.109348
0
0
0
0.109637
0
0.109637
0
0
0
0.109913
0
0.109913
0
0
0
0.110177
0
0.110177
0
0
0
0.110428
0
0.110428
0
0
0
0.110669
0
0.110669
0
0
0
0.110898
0
0.110898
0
0
0
0.111117
0
0.111117
0
0
0
0.111326
0
0.111326
0
0
0
0.111526
0
0.111526
0
0
0
0.111716
0
0.111716
0
0
0
0.111898
0
0.111898
0
0.00124345
0
0.112072
0.00124345
0.112072
0
0.00593166
0
0.112343
0.00593166
0.112343
0
0.0103676
0
0.112882
0.0103676
0.112882
0
0.0148867
0
0.113372
0.0148867
0.113372
0
0.0193332
0
0.113976
0.0193332
0.113976
0
0.0237708
0
0.114608
0.0237708
0.114608
0
0.0281636
0
0.115308
0.0281636
0.115308
0
0.0325226
0
0.116052
0.0325226
0.116052
0
0.0368369
0
0.116848
0.0368369
0.116848
0
0.0411062
0
0.117689
0.0411062
0.117689
0
0.0453257
0
0.118573
0.0453257
0.118573
0
0.0494929
0
0.119498
0.0494929
0.119498
0
0.0536043
0
0.120462
0.0536043
0.120462
0
0.0576576
0
0.12146
0.0576576
0.12146
0
0.0616498
0
0.122492
0.0616498
0.122492
0
0.0655787
0
0.123555
0.0655787
0.123555
0
0.069442
0
0.124646
0.069442
0.124646
0
0.0732378
0
0.125763
0.0732378
0.125763
0
0.0769641
0
0.126903
0.0769641
0.126903
0
0.0806195
0
0.128064
0.0806195
0.128064
0
0.0842025
0
0.129245
0.0842025
0.129245
0
0.0877119
0
0.130442
0.0877119
0.130442
0
0.0911467
0
0.131654
0.0911467
0.131654
0
0.0945062
0
0.132878
0.0945062
0.132878
0
0.0977896
0
0.134113
0.0977896
0.134113
0
0.100997
0
0.135357
0.100997
0.135357
0
0.104127
0
0.136607
0.104127
0.136607
0
0.107181
0
0.137862
0.107181
0.137862
0
0.110157
0
0.13912
0.110157
0.13912
0
0.113058
0
0.14038
0.113058
0.14038
0
0.115882
0
0.14164
0.115882
0.14164
0
0.118631
0
0.142897
0.118631
0.142897
0
0.121305
0
0.144152
0.121305
0.144152
0
0.123905
0
0.145401
0.123905
0.145401
0
0.126431
0
0.146645
0.126431
0.146645
0
0.128885
0
0.147881
0.128885
0.147881
0
0.131267
0
0.149108
0.131267
0.149108
0
0.13358
0
0.150326
0.13358
0.150326
0
0.135823
0
0.151532
0.135823
0.151532
0
0.137999
0
0.152727
0.137999
0.152727
0
0.140108
0
0.153909
0.140108
0.153909
0
0.142152
0
0.155077
0.142152
0.155077
0
0.144132
0
0.156231
0.144132
0.156231
0
0.14605
0
0.157369
0.14605
0.157369
0
0.147907
0
0.158491
0.147907
0.158491
0
0.149705
0
0.159597
0.149705
0.159597
0
0.151444
0
0.160685
0.151444
0.160685
0
0.153127
0
0.161756
0.153127
0.161756
0
0.154756
0
0.162809
0.154756
0.162809
0
0.15633
0
0.163843
0.15633
0.163843
0
0.157852
0
0.164858
0.157852
0.164858
0
0.159324
0
0.165854
0.159324
0.165854
0
0.160747
0
0.166831
0.160747
0.166831
0
0.162122
0
0.167788
0.162122
0.167788
0
0.16345
0
0.168725
0.16345
0.168725
0
0.164734
0
0.169643
0.164734
0.169643
0
0.165973
0
0.17054
0.165973
0.17054
0
0.167171
0
0.171418
0.167171
0.171418
0
0.168328
0
0.172276
0.168328
0.172276
0
0.169445
0
0.173114
0.169445
0.173114
0
0.170523
0
0.173931
0.170523
0.173931
0
0.171564
0
0.17473
0.171564
0.17473
0
0.17257
0
0.175508
0.17257
0.175508
0
0.17354
0
0.176268
0.17354
0.176268
0
0.174477
0
0.177008
0.174477
0.177008
0
0.175381
0
0.177729
0.175381
0.177729
0
0.176254
0
0.178431
0.176254
0.178431
0
0.177096
0
0.179114
0.177096
0.179114
0
0.177909
0
0.17978
0.177909
0.17978
0
0.178693
0
0.180427
0.178693
0.180427
0
0.17945
0
0.181056
0.17945
0.181056
0
0.18018
0
0.181668
0.18018
0.181668
0
0.180885
0
0.182262
0.180885
0.182262
0
0.181565
0
0.18284
0.181565
0.18284
0
0.182221
0
0.183401
0.182221
0.183401
0
0.182853
0
0.183946
0.182853
0.183946
0
0.183464
0
0.184475
0.183464
0.184475
0
0.184053
0
0.184988
0.184053
0.184988
0
0.184621
0
0.185486
0.184621
0.185486
0
0.185169
0
0.185969
0.185169
0.185969
0
0.185698
0
0.186437
0.185698
0.186437
0
0.186208
0
0.186891
0.186208
0.186891
0
0.1867
0
0.187332
0.1867
0.187332
0
0.187174
0
0.187758
0.187174
0.187758
0
0.187632
0
0.188172
0.187632
0.188172
0
0.188074
0
0.188572
0.188074
0.188572
0
0.1885
0
0.18896
0.1885
0.18896
0
0.18891
0
0.189335
0.18891
0.189335
0
0.189307
0
0.189699
0.189307
0.189699
0
0.189689
0
0.190051
0.189689
0.190051
0
0.190057
0
0.190392
0.190057
0.190392
0
0.190413
0
0.190722
0.190413
0.190722
0
0.190755
0
0.191041
0.190755
0.191041
0
0.191086
0
0.191349
0.191086
0.191349
0
0.191405
0
0.191648
0.191405
0.191648
0
0.191712
0
0.191937
0.191712
0.191937
0
0.192009
0
0.192216
0.192009
0.192216
0
0.192295
0
0.192486
0.192295
0.192486
0
0.192571
0
0.192747
0.192571
0.192747
0
0.192837
0
0.192999
0.192837
0.192999
0
0.193093
0
0.193243
0.193093
0.193243
0
0.193341
0
0.193479
0.193341
0.193479
0
0.193579
0
0.193707
0.193579
0.193707
0
0.193809
0
0.193927
0.193809
0.193927
0
0.194031
0
0.194139
0.194031
0.194139
0
0.194245
0
0.194345
0.194245
0.194345
0
0.194451
0
0.194543
0.194451
0.194543
0
0.19465
0
0.194735
0.19465
0.194735
0
0.194842
0
0.19492
0.194842
0.19492
0
0.195027
0
0.195099
0.195027
0.195099
0
0.195205
0
0.195272
0.195205
0.195272
0
0.195377
0
0.195439
0.195377
0.195439
0
0.195543
0
0.1956
0.195543
0.1956
0
0.195703
0
0.195755
0.195703
0.195755
0
0.195857
0
0.195905
0.195857
0.195905
0
0.196006
0
0.19605
0.196006
0.19605
0
0.196149
0
0.19619
0.196149
0.19619
0
0.196288
0
0.196325
0.196288
0.196325
0
0.196421
0
0.196456
0.196421
0.196456
0
0.196549
0
0.196581
0.196549
0.196581
0
0.196673
0
0.196703
0.196673
0.196703
0
0.196793
0
0.19682
0.196793
0.19682
0
0.196908
0
0.196933
0.196908
0.196933
0
0.197019
0
0.197042
0.197019
0.197042
0
0.197126
0
0.197147
0.197126
0.197147
0
0.19723
0
0.197249
0.19723
0.197249
0
0.197329
0
0.197347
0.197329
0.197347
0
0.197425
0
0.197442
0.197425
0.197442
0
0.197518
0
0.197533
0.197518
0.197533
0
0.197607
0
0.197621
0.197607
0.197621
0
0.197693
0
0.197706
0.197693
0.197706
0
0.197776
0
0.197788
0.197776
0.197788
0
0.197856
0
0.197867
0.197856
0.197867
0
0.197933
0
0.197943
0.197933
0.197943
0
0.198007
0
0.198017
0.198007
0.198017
0
0.198079
0
0.198088
0.198079
0.198088
0
0.198148
0
0.198156
0.198148
0.198156
0
0.198215
0
0.198222
0.198215
0.198222
0
0.198279
0
0.198286
0.198279
0.198286
0
0.198341
0
0.198347
0.198341
0.198347
0
0.198401
0
0.198406
0.198401
0.198406
0
0.198458
0
0.198463
0.198458
0.198463
0
0.198514
0
0.198518
0.198514
0.198518
0
0.198567
0
0.198572
0.198567
0.198572
0
0.198619
0
0.198623
0.198619
0.198623
0
0.198668
0
0.198672
0.198668
0.198672
0
0.198716
0
0.19872
0.198716
0.19872
0
0.198763
0
0.198766
0.198763
0.198766
0
0.198807
0
0.19881
0.198807
0.19881
0
0.19885
0
0.198853
0.19885
0.198853
0
0.198891
0
0.198894
0.198891
0.198894
0
0.198931
0
0.198934
0.198931
0.198934
0
0.19897
0
0.198972
0.19897
0.198972
0
0.199007
0
0.199009
0.199007
0.199009
0
0.199043
0
0.199044
0.199043
0.199044
0
0.199077
0
0.199079
0.199077
0.199079
0
0.19911
0
0.199112
0.19911
0.199112
0
0.199142
0
0.199144
0.199142
0.199144
0
0.199173
0
0.199175
0.199173
0.199175
0
0.199203
0
0.199204
0.199203
0.199204
0
0.199232
0
0.199233
0.199232
0.199233
0
0.199259
0
0.19926
0.199259
0.19926
0
0.199286
0
0.199287
0.199286
0.199287
0
0.199312
0
0.199313
0.199312
0.199313
0
0.199337
0
0.199337
0.199337
0.199337
0
0.199361
0
0.199361
0.199361
0.199361
0
0.199384
0
0.199384
0.199384
0.199384
0
0.199406
0
0.199406
0.199406
0.199406
0
0.199427
0
0.199428
0.199427
0.199428
0
0.199448
0
0.199448
0.199448
0.199448
0
0.199468
0
0.199468
0.199468
0.199468
0
0.199487
0
0.199487
0.199487
0.199487
0
0.199505
0
0.199506
0.199505
0.199506
0
0.199523
0
0.199524
0.199523
0.199524
0
0.19954
0
0.199541
0.19954
0.199541
0
0.199557
0
0.199557
0.199557
0.199557
0
0.199573
0
0.199573
0.199573
0.199573
0
0.199588
0
0.199589
0.199588
0.199589
0
0.199603
0
0.199603
0.199603
0.199603
0
0.199617
0
0.199618
0.199617
0.199618
0
0.199631
0
0.199631
0.199631
0.199631
0
0.199645
0
0.199645
0.199645
0.199645
0
0.199657
0
0.199658
0.199657
0.199658
0
0.19967
0
0.19967
0.19967
0.19967
0
0.199682
0
0.199682
0.199682
0.199682
0
0.199693
0
0.199693
0.199693
0.199693
0
0.199704
0
0.199704
0.199704
0.199704
0
0.199715
0
0.199715
0.199715
0.199715
0
0.199725
0
0.199725
0.199725
0.199725
0
0.199735
0
0.199735
0.199735
0.199735
0
0.199745
0
0.199745
0.199745
0.199745
0
0.199754
0
0.199754
0.199754
0.199754
0
0.199763
0
0.199763
0.199763
0.199763
0
0.199771
0
0.199771
0.199771
0.199771
0
0.199779
0
0.19978
0.199779
0.19978
0
0.199787
0
0.199787
0.199787
0.199787
0
0.199795
0
0.199795
0.199795
0.199795
0
0.199802
0
0.199803
0.199802
0.199803
0
0.19981
0
0.19981
0.19981
0.19981
0
0.199816
0
0.199816
0.199816
0.199816
0
0.199823
0
0.199823
0.199823
0.199823
0
0.199829
0
0.199829
0.199829
0.199829
0
0.199836
0
0.199836
0.199836
0.199836
0
0.199842
0
0.199842
0.199842
0.199842
0
0.199847
0
0.199847
0.199847
0.199847
0
0.199853
0
0.199853
0.199853
0.199853
0
0.199858
0
0.199858
0.199858
0.199858
0
0.199863
0
0.199863
0.199863
0.199863
0
0.199868
0
0.199868
0.199868
0.199868
0
0.199873
0
0.199873
0.199873
0.199873
0
0.199877
0
0.199877
0.199877
0.199877
0
0.199882
0
0.199882
0.199882
0.199882
0
0.199886
0
0.199886
0.199886
0.199886
0
0.19989
0
0.19989
0.19989
0.19989
0
0.199894
0
0.199894
0.199894
0.199894
0
0.199898
0
0.199898
0.199898
0.199898
0
0.199902
0
0.199902
0.199902
0.199902
0
0.199905
0
0.199905
0.199905
0.199905
0
0.199909
0
0.199909
0.199909
0.199909
0
0.199912
0
0.199912
0.199912
0.199912
0
0.199915
0
0.199915
0.199915
0.199915
0
0.199918
0
0.199918
0.199918
0.199918
0
0.199921
0
0.199921
0.199921
0.199921
0
0.199924
0
0.199924
0.199924
0.199924
0
0.199927
0
0.199927
0.199927
0.199927
0
0.199929
0
0.199929
0.199929
0.199929
0
0.199932
0
0.199932
0.199932
0.199932
0
0.199934
0
0.199934
0.199934
0.199934
0
0.199937
0
0.199937
0.199937
0.199937
0
0.199939
0
0.199939
0.199939
0.199939
0
0.199941
0
0.199941
0.199941
0.199941
0
0.199943
0
0.199943
0.199943
0.199943
0
0.199945
0
0.199945
0.199945
0.199945
0
0.199947
0
0.199947
0.199947
0.199947
0
0.199949
0
0.199949
0.199949
0.199949
0
0.199951
0
0.199951
0.199951
0.199951
0
0.199953
0
0.199953
0.199953
0.199953
0
0.199955
0
0.199955
0.199955
0.199955
0
0.199956
0
0.199956
0.199956
0.199956
0
0.199958
0
0.199958
0.199958
0.199958
0
0.199959
0
0.199959
0.199959
0.199959
0
0.199961
0
0.199961
0.199961
0.199961
0
0.199962
0
0.199962
0.199962
0.199962
0
0.199964
0
0.199964
0.199964
0.199964
0
0.199965
0
0.199965
0.199965
0.199965
0
0.199966
0
0.199966
0.199966
0.199966
0
0.199967
0
0.199967
0.199967
0.199967
0
0.199969
0
0.199969
0.199969
0.199969
0
0.19997
0
0.19997
0.19997
0.19997
0
0.199971
0
0.199971
0.199971
0.199971
0
0.199972
0
0.199972
0.199972
0.199972
0
0.199973
0
0.199973
0.199973
0.199973
0
0.199974
0
0.199974
0.199974
0.199974
0
0.199975
0
0.199975
0.199975
0.199975
0
0.199976
0
0.199976
0.199976
0.199976
0
0.199977
0
0.199977
0.199977
0.199977
0
0.199977
0
0.199977
0.199977
0.199977
0
0.199978
0
0.199978
0.199978
0.199978
0
0.199979
0
0.199979
0.199979
0.199979
0
0.19998
0
0.19998
0.19998
0.19998
0
0.19998
0
0.19998
0.19998
0.19998
0
0.199981
0
0.199981
0.199981
0.199981
0
0.199982
0
0.199982
0.199982
0.199982
0
0.199982
0
0.199983
0.199982
0.199983
0
0.199983
0
0.199983
0.199983
0.199983
0
0.199984
0
0.199984
0.199984
0.199984
0
0.199984
0
0.199984
0.199984
0.199984
0
0.199985
0
0.199985
0.199985
0.199985
0
0.199985
0
0.199985
0.199985
0.199985
0
0.199986
0
0.199986
0.199986
0.199986
0
0.199986
0
0.199986
0.199986
0.199986
0
0.199987
0
0.199987
0.199987
0.199987
0
0.199987
0
0.199987
0.199987
0.199987
0
0.199988
0
0.199988
0.199988
0.199988
0
0.199988
0
0.199988
0.199988
0.199988
0
0.199989
0
0.199989
0.199989
0.199989
0
0.199989
0
0.199989
0.199989
0.199989
0
0.19999
0
0.19999
0.19999
0.19999
0
0.19999
0
0.19999
0.19999
0.19999
0
0.19999
0
0.19999
0.19999
0.19999
0
0.199991
0
0.199991
0.199991
0.199991
0
0.199991
0
0.199991
0.199991
0.199991
0
0.199991
0
0.199991
0.199991
0.199991
0
0.199992
0
0.199992
0.199992
0.199992
0
0.199992
0
0.199992
0.199992
0.199992
0
0.199992
0
0.199992
0.199992
0.199992
0
0.199992
0
0.199992
0.199992
0.199992
0
0.199993
0
0.199993
0.199993
0.199993
0
0.199993
0
0.199993
0.199993
0.199993
0
0.199993
0
0.199993
0.199993
0.199993
0
0.199994
0
0.199994
0.199994
0.199994
0
0.199994
0
0.199994
0.199994
0.199994
0
0.199994
0
0.199994
0.199994
0.199994
0
0.199994
0
0.199994
0.199994
0.199994
0
0.199994
0
0.199994
0.199994
0.199994
0
0.199995
0
0.199995
0.199995
0.199995
0
0.199995
0
0.199995
0.199995
0.199995
0
0.199995
0
0.199995
0.199995
0.199995
0
0.199995
0
0.199995
0.199995
0.199995
0
0.199995
0
0.199995
0.199995
0.199995
0
0.199996
0
0.199996
0.199996
0.199996
0
0.199996
0
0.199996
0.199996
0.199996
0
0.199996
0
0.199996
0.199996
0.199996
0
0.199996
0
0.199996
0.199996
0.199996
0
0.199996
0
0.199996
0.199996
0.199996
0
0.199996
0
0.199996
0.199996
0.199996
0
0.199996
0
0.199996
0.199996
0.199996
0
0.199997
0
0.199997
0.199997
0.199997
0
0.199997
0
0.199997
0.199997
0.199997
0
0.199997
0
0.199997
0.199997
0.199997
0
0.199997
0
0.199997
0.199997
0.199997
0
0.199997
0
0.199997
0.199997
0.199997
0
0.199997
0
0.199997
0.199997
0.199997
0
0.199997
0
0.199997
0.199997
0.199997
0
0.199997
0
0.199997
0.199997
0.199997
0
0.199997
0
0.199997
0.199997
0.199997
0
0.199998
0
0.199998
0.199998
0.199998
0
0.199998
0
0.199998
0.199998
0.199998
0
0.199998
0
0.199998
0.199998
0.199998
0
0.199998
0
0.199998
0.199998
0.199998
0
0.199998
0
0.199998
0.199998
0.199998
0
0.199998
0
0.199998
0.199998
0.199998
0
0.199998
0
0.199998
0.199998
0.199998
0
0.199998
0
0.199998
0.199998
0.199998
0
0.199998
0
0.199998
0.199998
0.199998
0
0.199998
0
0.199998
0.199998
0.199998
0
0.199998
0
0.199998
0.199998
0.199998
0
0.199998
0
0.199998
0.199998
0.199998
0
0.199998
0
0.199998
0.199998
0.199998
0
0.199998
0
0.199998
0.199998
0.199998
0
0.199999
0
0.199999
0.199999
0.199999
0
0.199999
0
0.199999
0.199999
0.199999
0
0.199999
0
0.199999
0.199999
0.199999
0
0.199999
0
0.199999
0.199999
0.199999
0
0.199999
0
0.199999
0.199999
0.199999
0
0.199999
0
0.199999
0.199999
0.199999
0
0.199999
0
0.199999
0.199999
0.199999
0
0.199999
0
0.199999
0.199999
0.199999
0
0.199999
0
0.199999
0.199999
0.199999
0
0.199999
0
0.199999
0.199999
0.199999
0
0.199999
0
0.199999
0.199999
0.199999
0
0.199999
0
0.199999
0.199999
0.199999
0
0.199999
0
0.199999
0.199999
0.199999
0
0.199999
0
0.199999
0.199999
0.199999
0
0.199999
0
0.199999
0.199999
0.199999
0
0.199999
0
0.199999
0.199999
0.199999
0
0.199999
0
0.199999
0.199999
0.199999
0
0.199999
0
0.199999
0.199999
0.199999
0
0.199999
0
0.199999
0.199999
0.199999
0
0.199999
0
0.199999
0.199999
0.199999
0
0.199999
0
0.199999
0.199999
0.199999
0
0.199999
0
0.199999
0.199999
0.199999
0
0.199999
0
0.199999
0.199999
0.199999
0
0.199999
0
0.199999
0.199999
0.199999
0
0.199999
0
0.199999
0.199999
0.199999
0
0.199999
0
0.199999
0.199999
0.199999
0
0.199999
0
0.199999
0.199999
0.199999
0
0.199999
0
0.199999
0.199999
0.199999
0
0.199999
0
0.199999
0.199999
0.199999
0
0.199999
0
0.199999
0.199999
0.199999
0
0.2
0
0.2
0.2
0.2
0
0.2
0
0.2
0.2
0.2
0
0.2
0
0.2
0.2
0.2
0
0.2
0
0.2
0.2
0.2
0
0.2
0
0.2
0.2
0.2
0
0.2
0
0.2
0.2
0.2
0
0.2
0
0.2
0.2
0.2
0
0.2
0
0.2
0.2
0.2
0
0.2
0
0.2
0.2
0.2
0
0.2
0
0.2
0.2
0.2
0
0.2
0
0.2
0.2
0.2
0
0.2
0
0.2
0.2
0.2
0
0.2
0
0.2
0.2
0.2
0
0.2
0
0.2
0.2
0.2
0
0.2
0
0.2
0.2
0.2
0
0.2
0
0.2
0.2
0.2
0
0.2
0
0.2
0.2
0.2
0
0.2
0
0.2
0.2
0.2
0
0.2
0
0.2
0.2
0.2
0
0.2
0
0.2
0.2
0.2
0
0.2
0
0.2
0.2
0.2
0
0.2
0
0.2
0.2
0.2
0
0.2
0
0.2
0.2
0.2
0
0.2
0
0.2
0.2
0.2
0
0.2
0
0.2
0.2
0.2
0
0.2
0
0.2
0.2
0.2
0
0.2
0
0.2
0.2
0.2
0
0.2
0
0.2
0.2
0.2
0
0.2
0
0.2
0.2
0.2
0
0.2
0
0.2
0.2
0.2
0
0.2
0
0.2
0.2
0.2
0
0.2
0
0.2
0.2
0.2
0
0.2
0
0.2
0.2
0.2
0
0.2
0
0.2
0.2
0.2
0
0.2
0
0.2
0.2
0.2
0
0.2
0
0.2
0.2
0.2
0
0.2
0
0.2
0.2
0.2
0
0.2
0
0.2
0.2
0.2
0
0.2
0
0.2
0.2
0.2
0
0.2
0
0.2
0.2
0.2
0
0.2
0
0.2
0.2
0.2
0
0.2
0
0.2
0.2
0.2
0
0.2
0
0.2
0.2
0.2
0
0.2
0
0.2
0.2
0.2
0
0.2
0
0.2
0.2
0.2
0
0.2
0
0.2
0.2
0.2
0
0.2
0
0.2
0.2
0.2
0
0.2
0
0.2
0.2
0.2
0
0.2
0
0.2
0.2
0.2
0
0.2
0
0.2
0.2
0.2
0
0.2
0
0.2
0.2
0.2
0
0.2
0
0.2
0.2
0.2
0
0.2
0
0.2
0.2
0.2
0
0.2
0
0.2
0.2
0.2
0
0.2
0
0.2
0.2
0.2
0
0.2
0
0.2
0.2
0.2
0
0.2
0
0.2
0.2
0.2
0
0.2
0
0.2
0.2
0.2
0
0.2
0
0.2
0.2
0.2
0
0.2
0
0.2
0.2
0.2
0
0.2
0
0.2
0.2
0.2
0
0.2
0
0.2
0.2
0.2
0
0.2
0
0.2
0.2
0.2
0
0.2
0
0.2
0.2
0.2
0
0.2
0
0.2
0.2
0.2
0
0.2
0
0.2
0.2
0.2
0
0.2
0
0.2
0.2
0.2
0
0.2
0
0.2
0.2
0.2
0
0.2
0
0.2
0.2
0.2
0
0.2
0
0.2
0.2
0.2
0
0.2
0
0.2
0.2
0.2
0
0.2
0
0.2
0.2
0.2
0
0.2
0
0.2
0.2
0.2
0
0.2
0
0.2
0.2
0.2
0
0.2
0
0.2
0.2
0.2
0
0.2
0
0.2
0.2
0.2
0
0.2
0
0.2
0.2
0.2
0
0.2
0
0.2
0.2
0.2
0
0.2
0
0.2
0.2
0.2
0
0.2
0
0.2
0.2
0.2
0
0.2
0
0.2
0.2
0.2
0
0.2
0
0.2
0.2
0.2
0
0.2
0
0.2
0.2
0.2
0
0.2
0
0.2
0.2
0.2
0
0.2
0
0.2
0.2
0.2
0
0.2
0
0.2
0.2
0.2
0
0.2
0
0.2
0.2
0.2
0
0.2
0
0.2
0.2
0.2
0
0.2
0
0.2
0.2
0.2
0
0.2
0
0.2
0.2
0.2
0
0.2
0
0.2
0.2
0.2
0
0.2
0
0.2
0.2
0.2
0
0.2
0
0.2
0.2
0.2
0
0.2
0
0.2
0.2
0.2
0
0.2
0
0.2
0.2
0.2
0
0.2
0
0.2
0.2
0.2
0
0.2
0
0.2
0.2
0.2
0
0.2
0
0.2
0.2
0.2
0
0.2
0
0.2
0.2
0.2
0
0.2
0
0.2
0.2
0.2
0
0.2
0
0.2
0.2
0.2
0
0.2
0
0.2
0.2
0.2
0
0.2
0
0.2
0.2
0.2
0
0.2
0
0.2
0.2
0.2
0
0.2
0
0.2
0.2
0.2
0
0.2
0
0.2
0.2
0.2
0
0.2
0
0.2
0.2
0.2
0
0.2
0
0.2
0.2
0.2
0
0.2
0
0.2
0.2
0.2
0
0.2
0
0.2
0.2
0.2
0
0.2
0
0.2
0.2
0.2
0
0.2
0
0.2
0.2
0.2
0
0.2
0
0.2
0.2
0.2
0
0.2
0
0.2
0.2
0.2
0
0.2
0
0.2
0.2
0.2
0
0.2
0
0.2
0.2
0.2
0
0.2
0
0.2
0.2
0.2
0
0.2
0
0.2
0.2
0.2
0
0.2
0
0.2
0.2
0.2
0
0.2
0
0.2
0.2
0.2
0
0.2
0
0.2
0.2
0.2
0
0.2
0
0.2
0.2
0.2
0
0.2
0
0.2
0.2
0.2
0
0.2
0
0.2
0.2
0.2
0
0.2
0
0.2
0.2
0.2
0
0.2
0
0.2
0.2
0.2
0
0.2
0
0.2
0.2
0.2
0
0.2
0
0.2
0.2
0.2
0
0.2
0
0.2
0.2
0.2
0
0.2
0
0.2
0.2
0.2
0
0.2
0
0.2
0.2
0.2
0
0.2
0
0.2
0.2
0.2
0
0.2
0
0.2
0.2
0.2
0
0.2
0
0.2
0.2
0.2
0
0.2
0
0.2
0.2
0.2
0
0.2
0
0.2
0.2
0.2
0
0.2
0
0.2
0.2
0.2
0
0.2
0
0.2
0.2
0.2
0
0.2
0
0.2
0.2
0.2
0
0.2
0
0.2
0.2
0.2
0
0.2
0
0.2
0.2
0.2
0
0.2
0
0.2
0.2
0.2
0
0.2
0
0.2
0.2
0.2
0
0.2
0
0.2
0.2
0.2
0
0.2
0
0.2
0.2
0.2
0
0.2
0
0.2
0.2
0.2
0
0.2
0
0.2
0.2
0.2
0
0.2
0
0.2
0.2
0.2
0
0.2
0
0.2
0.2
0.2
0
0.2
0
0.2
0.2
0.2
0
0.2
0
0.2
0.2
0.2
0
0.2
0
0.2
0.2
0.2
0
0.2
0
0.2
0.2
0.2
0
0.2
0
0.2
0.2
0.2
0
0.2
0
0.2
0.2
0.2
0
0.2
0
0.2
0.2
0.2
0
0.2
0
0.2
0.2
0.2
0
0.2
0
0.2
0.2
0.2
0
0.2
0
0.2
0.2
0.2
0
0.2
0
0.2
0.2
0.2
0
0.2
0
0.2
0.2
0.2
0
0.2
0
0.2
0.2
0.2
0
0.2
0
0.2
0.2
0.2
0
0.2
0
0.2
0.2
0.2
0
0.2
0
0.2
0.2
0.2
0
0.2
0
0.2
0.2
0.2
0
0.2
0
0.2
0.2
0.2
0
0.2
0
0.2
0.2
0.2
0
0.2
0
0.2
0.2
0.2
0
0.2
0
0.2
0.2
0.2
0
0.2
0
0.2
0.2
0.2
0
0.2
0
0.2
0.2
0.2
0
0.2
0
0.2
0.2
0.2
0
0.2
0
0.2
0.2
0.2
0
0.2
0
0.2
0.2
0.2
0
0.2
0
0.2
0.2
0.2
0
0.2
0
0.2
0.2
0.2
0
0.2
0
0.2
0.2
0.2
0
0.2
0
0.2
0.2
0.2
0
0.2
0
0.2
0.2
0.2
0
0.2
0
0.2
0.2
0.2
0
0.2
0
0.2
0.2
0.2
0
0.2
0
0.2
0.2
0.2
0
0.2
0
0.2
0.2
0.2
0
0.2
0
0.2
0.2
0.2
0
0.2
0
0.2
0.2
0.2
0
0.2
0
0.2
0.2
0.2
0
0.2
0
0.2
0.2
0.2
0
0.2
0
0.2
0.2
0.2
0
0.2
0
0.2
0.2
0.2
0
0.2
0
0.2
0.2
0.2
0
0.2
0
0.2
0.2
0.2
0
0.2
0
0.2
0.2
0.2
0
0.2
0
0.2
0.2
0.2
0
0.2
0
0.2
0.2
0.2
0
0.2
0
0.2
0.2
0.2
0
0.2
0
0.2
0.2
0.2
0
0.2
0
0.2
0.2
0.2
0
0.2
0
0.2
0.2
0.2
0
0.2
0
0.2
0.2
0.2
0
0.2
0
0.2
0.2
0.2
0
0.2
0
0.2
0.2
0.2
0
0.2
0
0.2
0.2
0.2
0
0.2
0
0.2
0.2
0.2
0
0.2
0
0.2
0.2
0.2
0
0.2
0
0.2
0.2
0.2
0
0.2
0
0.2
0.2
0.2
0
0.2
0
0.2
0.2
0.2
0
0.2
0
0.2
0.2
0.2
0
0.2
0
0.2
0.2
0.2
0
0.2
0
0.2
0.2
0.2
0
0.2
0
0.2
0.2
0.2
0
0.2
0
0.2
0.2
0.2
0
0.2
0
0.2
0.2
0.2
0
0.2
0
0.2
0.2
0.2
0
0.2
0
0.2
0.2
0.2
0
0.2
0
0.2
0.2
0.2
0
0.2
0
0.2
0.2
0.2
0
0.2
0
0.2
0.2
0.2
0
0.2
0
0.2
0.2
0.2
0
0.2
0
0.2
0.2
0.2
0
0.2
0
0.2
0.2
0.2
0
0.2
0
0.2
0.2
0.2
0
0.2
0
0.2
0.2
0.2
0
0.2
0
0.2
0.2
0.2
0
0.2
0
0.2
0.2
0.2
0
0.2
0
0.2
0.2
0.2
0
0.2
0
0.2
0.2
0.2
0
0.2
0
0.2
0.2
0.2
0
0.2
0
0.2
0.2
0.2
0
0.2
0
0.2
0.2
0.2
0
0.2
0
0.2
0.2
0.2
0
0.2
0
0.2
0.2
0.2
0
0.2
0
0.2
0.2
0.2
0
0.2
0
0.2
0.2
0.2
0
0.2
0
0.2
0.2
0.2
0
0.2
0
0.2
0.2
0.2
0
0.2
0
0.2
0.2
0.2
0
0.2
0
0.2
0.2
0.2
0
0.2
0
0.2
0.2
0.2
0
0.2
0
0.2
0.2
0.2
0
0.2
0
0.2
0.2
0.2
0
0.2
0
0.2
0.2
0.2
0
0.2
0
0.2
0.2
0.2
0
0.2
0
0.2
0.2
0.2
0
0.2
0
0.2
0.2
0.2
0
0.2
0
0.2
0.2
0.2
0
0.2
0
0.2
0.2
0.2
0
0.2
0
0.2
0.2
0.2
0
0.2
0
0.2
0.2
0.2
0
0.2
0
0.2
0.2
0.2
0
0.2
0
0.2
0.2
0.2
0
0.2
0
0.2
0.2
0.2
0
0.2
0
0.2
0.2
0.2
0
0.2
0
0.2
0.2
0.2
0
0.2
0
0.2
0.2
0.2
0
0.2
0
0.2
0.2
0.2
0
0.2
0
0.2
0.2
0.2
0
0.2
0
0.2
0.2
0.2
0
0.2
0
0.2
0.2
0.2
0
0.2
0
0.2
0.2
0.2
0
0.2
0
0.2
0.2
0.2
0
0.2
0
0.2
0.2
0.2
0
0.2
0
0.2
0.2
0.2
0
0.2
0
0.2
0.2
0.2
0
0.2
0
0.2
0.2
0.2
0
0.2
0
0.2
0.2
0.2
0
0.2
0
0.2
0.2
0.2
0
0.2
0
0.2
0.2
0.2
0
0.2
0
0.2
0.2
0.2
0
0.2
0
0.2
0.2
0.2
0
0.2
0
0.2
0.2
0.2
0
0.2
0
0.2
0.2
0.2
0
0.2
0
0.2
0.2
0.2
0
0.2
0
0.2
0.2
0.2
0
0.2
0
0.2
0.2
0.2
0
0.2
0
0.2
0.2
0.2
0
0.2
0
0.2
0.2
0.2
0
0.2
0
0.2
0.2
0.2
0
0.2
0
0.2
0.2
0.2
0
0.2
0
0.2
0.2
0.2
0
0.2
0
0.2
0.2
0.2
0
0.2
0
0.2
0.2
0.2
0
0.2
0
0.2
0.2
0.2
0
0.2
0
0.2
0.2
0.2
0
0.2
0
0.2
0.2
0.2
0
0.2
0
0.2
0.2
0.2
0
0.2
0
0.2
0.2
0.2
0
0.2
0
0.2
0.2
0.2
0
0.2
0
0.2
0.2
0.2
0
0.2
0
0.2
0.2
0.2
0
0.2
0
0.2
0.2
0.2
0
0.2
0
0.2
0.2
0.2
0
0.2
0
0.2
0.2
0.2
0
0.2
0
0.2
0.2
0.2
0
0.2
0
0.2
0.2
0.2
0
0.2
0
0.2
0.2
0.2
0
0.2
0
0.2
0.2
0.2
0
0.2
0
0.2
0.2
0.2
0
0.2
0
0.2
0.2
0.2
0
0.2
0
0.2
0.2
0.2
0
0.2
0
0.2
0.2
0.2
0
0.2
0
0.2
0.2
0.2
0
0.2
0
0.2
0.2
0.2
0
0.2
0
0.2
0.2
0.2
0
0.2
0
0.2
0.2
0.2
0
0.2
0
0.2
0.2
0.2
0
0.2
0
0.2
0.2
0.2
0
0.2
0
0.2
0.2
0.2
0
0.2
0
0.2
0.2
0.2
0
0.2
0
0.2
0.2
0.2
0
0.2
0
0.2
0.2
0.2
0
0.2
0
0.2
0.2
0.2
0
0.2
0
0.2
0.2
0.2
0
0.2
0
0.2
0.2
0.2
0
0.2
0
0.2
0.2
0.2
0
0.2
0
0.2
0.2
0.2
0
0.2
0
0.2
0.2
0.2
0
0.2
0
0.2
0.2
0.2
0
0.2
0
0.2
0.2
0.2
0
0.2
0
0.2
0.2
0.2
0
0.2
0
0.2
0.2
0.2
0
0.2
0
0.2
0.2
0.2
0
0.2
0
0.2
0.2
0.2
0
0.2
0
0.2
0.2
0.2
0
0.2
0
0.2
0.2
0.2
0
0.2
0
0.2
0.2
0.2
0
0.2
0
0.2
0.2
0.2
0
0.2
0
0.2
0.2
0.2
0
0.2
0
0.2
0.2
0.2
0
0.2
0
0.2
0.2
0.2
0
0.2
0
0.2
0.2
0.2
0
0.2
0
0.2
0.2
0.2
0
0.2
0
0.2
0.2
0.2
0
0.2
0
0.2
0.2
0.2
0
0.2
0
0.2
0.2
0.2
0
0.2
0
0.2
0.2
0.2
0
0.2
0
0.2
0.2
0.2
0
0.2
0
0.2
0.2
0.2
0
0.2
0
0.2
0.2
0.2
0
0.2
0
0.2
0.2
0.2
0
0.2
0
0.2
0.2
0.2
0
0.2
0
0.2
0.2
0.2
0
0.2
0
0.2
0.2
0.2
0
0.2
0
0.2
0.2
0.2
0
0.2
0
0.2
0.2
0.2
0
0.2
0
0.2
0.2
0.2
0
0.2
0
0.2
0.2
0.2
0
0.2
0
0.2
0.2
0.2
0
0.2
0
0.2
0.2
0.2
0
0.2
0
0.2
0.2
0.2
0
0.2
0
0.2
0.2
0.2
0
0.2
0
0.2
0.2
0.2
0
0.2
0
0.2
0.2
0.2
0
0.2
0
0.2
0.2
0.2
0
0.2
0
0.2
0.2
0.2
0
0.2
0
0.2
0.2
0.2
0
0.2
0
0.2
0.2
0.2
0
0.2
0
0.2
0.2
0.2
0
0.2
0
0.2
0.2
0.2
0
0.2
0
0.2
0.2
0.2
0
0.2
0
0.2
0.2
0.2
0
0.2
0
0.2
0.2
0.2
0
0.2
0
0.2
0.2
0.2
0
0.2
0
0.2
0.2
0.2
0
0.2
0
0.2
0.2
0.2
0
0.2
0
0.2
0.2
0.2
0
0.2
0
0.2
0.2
0.2
0
0.2
0
0.2
0.2
0.2
0
0.2
0
0.2
0.2
0.2
0
0.2
0
0.2
0.2
0.2
0
0.2
0
0.2
0.2
0.2
0
0.2
0
0.2
0.2
0.2
0
0.2
0
0.2
0.2
0.2
0
0.2
0
0.2
0.2
0.2
0
0.2
0
0.2
0.2
0.2
0
0.2
0
0.2
0.2
0.2
0
0.2
0
0.2
0.2
0.2
0
0.2
0
0.2
0.2
0.2
0
0.2
0
0.2
0.2
0.2
0
0.2
0
0.2
0.2
0.2
0
0.2
0
0.2
0.2
0.2
0
0.2
0
0.2
0.2
0.2
0
0.2
0
0.2
0.2
0.2
0
0.2
0
0.2
0.2
0.2
0
0.2
0
0.2
0.2
0.2
0
0.2
0
0.2
0.2
0.2
0
0.2
0
0.2
0.2
0.2
0
0.2
0
0.2
0.2
0.2
0
0.2
0
0.2
0.2
0.2
0
0.2
0
0.2
0.2
0.2
0
0.2
0
0.2
0.2
0.2
0
0.2
0
0.2
0.2
0.2
0
0.2
0
0.2
0.2
0.2
0
0.2
0
0.2
0.2
0.2
0
0.2
0
0.2
0.2
0.2
0
0.2
0
0.2
0.2
0.2
0
0.2
0
0.2
0.2
0.2
0
0.2
0
0.2
0.2
0.2
0
0.2
0
0.2
0.2
0.2
0
0.2
0
0.2
0.2
0.2
0
0.2
0
0.2
0.2
0.2
0
0.2
0
0.2
0.2
0.2
0
0.2
0
0.2
0.2
0.2
0
0.2
0
0.2
0.2
0.2
0
0.2
0
0.2
0.2
0.2
0
0.2
0
0.2
0.2
0.2
0
0.2
0
0.2
0.2
0.2
0
0.2
0
0.2
0.2
0.2
0
0.2
0
0.2
0.2
0.2
0
0.2
0
0.2
0.2
0.2
0
0.2
0
0.2
0.2
0.2
0
0.2
0
0.2
0.2
0.2
0
0.2
0
0.2
0.2
0.2
0
0.2
0
0.2
0.2
0.2
0
0.2
0
0.2
0.2
0.2
0
0.2
0
0.2
0.2
0.2
0
0.2
0
0.2
0.2
0.2
0
0.2
0
0.2
0.2
0.2
0
0.2
0
0.2
0.2
0.2
0
0.2
0
0.2
0.2
0.2
0
0.2
0
0.2
0.2
0.2
0
0.2
0
0.2
0.2
0.2
0
0.2
0
0.2
0.2
0.2
0
0.2
0
0.2
0.2
0.2
0
0.2
0
0.2
0.2
0.2
0
0.2
0
0.2
0.2
0.2
0
0.2
0
0.2
0.2
0.2
0
0.2
0
0.2
0.2
0.2
0
0.2
0
0.2
0.2
0.2
0
0.2
0
0.2
0.2
0.2
0
0.2
0
0.2
0.2
0.2
0
0.2
0
0.2
0.2
0.2
0
0.2
0
0.2
0.2
0.2
0
0.2
0
0.2
0.2
0.2
0
0.2
0
0.2
0.2
0.2
0
0.2
0
0.2
0.2
0.2
0
0.2
0
0.2
0.2
0.2
0
0.2
0
0.2
0.2
0.2
0
0.2
0
0.2
0.2
0.2
0
0.2
0
0.2
0.2
0.2
0
0.2
0
0.2
0.2
0.2
0
0.2
0
0.2
0.2
0.2
0
0.2
0
0.2
0.2
0.2
0
0.2
0
0.2
0.2
0.2
0
0.2
0
0.2
0.2
0.2
0
0.2
0
0.2
0.2
0.2
0
0.2
0
0.2
0.2
0.2
0
0.2
0
0.2
0.2
0.2
0
0.2
0
0.2
0.2
0.2
0
0.2
0
0.2
0.2
0.2
0
0.2
0
0.2
0.2
0.2
0
0.2
0
0.2
0.2
0.2
0
0.2
0
0.2
0.2
0.2
0
0.2
0
0.2
0.2
0.2
0
0.2
0
0.2
0.2
0.2
0
0.2
0
0.2
0.2
0.2
0
0.2
0
0.2
0.2
0.2
0
0.2
0
0.2
0.2
0.2
0
0.2
0
0.2
0.2
0.2
0
0.2
0
0.2
0.2
0.2
0
0.2
0
0.2
0.2
0.2
0
0.2
0
0.2
0.2
0.2
0
0.2
0
0.2
0.2
0.2
0
0.2
0
0.2
0.2
0.2
0
0.2
0
0.2
0.2
0.2
0
0.2
0
0.2
0.2
0.2
0
0.2
0
0.2
0.2
0.2
0
0.2
0
0.2
0.2
0.2
0
0.2
0
0.2
0.2
0.2
0
0.2
0
0.2
0.2
0.2
0
0.2
0
0.2
0.2
0.2
0
0.2
0
0.2
0.2
0.2
0
0.2
0
0.2
0.2
0.2
0
0.2
0
0.2
0.2
0.2
0
0.2
0
0.2
0.2
0.2
0
0.2
0
0.2
0.2
0.2
0
0.2
0
0.2
0.2
0.2
0
0.2
0
0.2
0.2
0.2
0
0.2
0
0.2
0.2
0.2
0
0.2
0
0.2
0.2
0.2
0
0.2
0
0.2
0.2
0.2
0
0.2
0
0.2
0.2
0.2
0
0.2
0
0.2
0.2
0.2
0
0.2
0
0.2
0.2
0.2
0
0.2
0
0.2
0.2
0.2
0
0.2
0
0.2
0.2
0.2
0
0.2
0
0.2
0.2
0.2
0
0.2
0
0.2
0.2
0.2
0
0.2
0
0.2
0.2
0.2
0
0.2
0
0.2
0.2
0.2
0
0.2
0
0.2
0.2
0.2
0
0.2
0
0.2
0.2
0.2
0
0.2
0
0.2
0.2
0.2
0
0.2
0
0.2
0.2
0.2
0
0.2
0
0.2
0.2
0.2
0
0.2
0
0.2
0.2
0.2
0
0.2
0
0.2
0.2
0.2
0
0.2
0
0.2
0.2
0.2
0
0.2
0
0.2
0.2
0.2
0
0.2
0
0.2
0.2
0.2
0
0.2
0
0.2
0.2
0.2
0
0.2
0
0.2
0.2
0.2
0
0.2
0
0.2
0.2
0.2
0
0.2
0
0.2
0.2
0.2
